2 4 0 1 0 
0 
1 407 453 11.39285714 24.671 14.20261438 -30.91 
2 407 454 11 22.444 18.66446991 -30.61 
3 407 455 6.875 25.264 14.85441176 -30.24 
4 407 453 0 25.227 8.118070175 -30.62 
5 407 455 37 20.674 14.06202532 -30.78 
6 407 454 26 24.593 16.31680672 -30.41 
7 407 454 9 26.462 30.44183673 -30.07 
8 407 455 28 23.849 14.95362694 -99 
9 407 453 28.94736842 23.192 17.83012048 -30.63 
10 408 456 84.33333333 25.65 13.67666667 -30.67 
11 408 457 20.22222222 26.362 19.37793103 -30.98 
12 408 458 48.72 20.628 -99 -31.76 
13 408 456 5 21.807 20.62383721 -31.1 
14 408 458 57.24 19.845 14.63214286 -31.72 
15 408 457 5 18.794 16.42209738 -99 
16 408 458 21 23.148 -99 -99 
17 408 456 62 20.254 24.30666667 -30.93 
18 408 457 6.375 20.468 16.16902655 -31.2 
19 409 459 7 20.472 18.01491228 -30.57 
20 409 460 0 19.506 17.04016913 -31.2 
21 409 461 1.5 19.496 13.66678445 -30.9 
22 409 459 8 22.569 19.75236052 -31.61 
23 409 461 2.4 18.813 18.20966184 -32.32 
24 409 460 17.33333333 16.76 13.67875817 -30.9 
25 409 461 2 23.195 13.7965812 -31.59 
26 409 460 2.4 20.139 17.93497268 -30.49 
27 409 459 10.28571429 22.124 12.78758389 -31.65 
28 410 462 6 22.031 21.92467532 -29.94 
29 410 463 6 25.4 14.97782805 -29.92 
30 410 464 4 26.407 16.50370899 -30.67 
31 410 462 3 21.815 13.00458333 -31.78 
32 410 463 7.333333333 25.304 -99 -99 
33 410 464 10.28571429 18.327 16.68856448 -30.63 
34 410 462 16 18.71 12.83050398 -30.04 
35 410 464 17 25.366 14.99804878 -29.76 
36 410 463 8 22.709 19.82674419 -30.68 
37 411 465 5 24.9 14.89521531 -31.22 
38 411 466 1 16.108 24.82430939 -31.47 
39 411 467 7 21.223 16.87386364 -30.27 
40 411 466 0 22.305 19.11303258 -31.66 
41 411 465 0 24.103 20.14096386 -32.45 
42 411 467 1 24.711 27.58139535 -31.17 
43 411 465 11 27.064 14.77678571 -31.15 
44 411 466 0 17.091 23.66344828 -31.26 
45 411 467 12.57142857 23.986 18.24581281 -30.45 
46 412 468 0 23.737 8.258040469 -30.13 
47 412 469 15.27272727 19.642 10.6384106 -30.93 
48 412 470 0 25.018 15.53624161 -30.6 
49 412 470 49 23.61 14.56119734 -31.52 
50 412 469 12 20.325 13.30230548 -31.28 
51 412 468 75.64516129 18.373 15.83917808 -30.5 
52 412 468 5 21.56 13.70436681 -31.09 
53 412 470 31.07142857 18.8 15.06966825 -30.83 
54 412 469 14 19.525 17.88761905 -30.16 
55 413 471 20 25.389 17.50479042 -31.23 
56 413 472 69 22.75 12.86538462 -31.21 
57 413 473 4 18.126 16.43496503 -31.41 
58 413 472 36 25.314 18.87985612 -31.27 
59 413 471 77.95454545 21.487 15.25333333 -31.06 
60 413 473 45.81818182 21.427 17.65444444 -99 
61 413 471 25.84615385 17.936 13.95817308 -30.28 
62 413 472 11 21.99 22.7728 -31.25 
63 413 473 7 23.652 15.24432773 -30.96 
64 414 474 16.71428571 24.509 17.34227941 -30.99 
65 414 475 11.33333333 23.792 17.5266129 -29.81 
66 414 476 8 20.998 28.23164557 -30.27 
67 414 476 4 24.387 11.67383721 -30.85 
68 414 474 4 24.243 13.94927835 -30.4 
69 414 475 0 17.07 21.63246753 -99 
70 414 476 2 21.67 -99 -99 
71 414 474 4 19.849 14.1625 -30.6 
72 414 475 0 23.027 16.70578947 -30.71 
73 415 477 8 19.166 -99 -31.63 
74 415 478 0 22.658 15.11967742 -30.71 
75 415 479 6 22.614 14.78661088 -30.6 
76 415 479 7 20.844 12.39223301 -32.3 
77 415 477 7 22.053 16.65095238 -31.52 
78 415 478 0 20.263 16.15966387 -30.81 
79 415 478 6 23.601 17.1208589 -30.77 
80 415 479 11 25.651 18.99693095 -30.71 
81 415 477 21 22.001 19.03033175 -30.4 
82 416 480 85.09090909 21.546 -99 -30.87 
83 416 481 7 24.136 18.9461794 -99 
84 416 482 0 25.141 13.77738095 -29.84 
85 416 481 11 20.106 12.81044177 -99 
86 416 480 3 22.112 19.05873016 -99 
87 416 482 2 22.887 17.13893443 -29.34 
88 416 481 9 22.521 20.24642857 -30.23 
89 416 480 4.888888889 20.465 16.60403226 -99 
90 416 482 3 20.661 14.30868545 -99 
91 417 483 0 24.085 17.63630137 -99 
92 417 484 24 24.215 14.77710843 -30.93 
93 417 485 16.25 14.971 15.97896996 -30.96 
94 417 483 0 24.289 13.938 -31.68 
95 417 485 31.08 26.218 19.21634615 -30.98 
96 417 484 1.555555556 23.859 21.17673267 -30.98 
97 417 483 5.230769231 24.453 -99 -30.77 
98 417 485 18.6 22.309 17.32283654 -29.31 
99 417 484 -99 24.318 11.89514563 -30.63 
100 418 486 26.6 20.478 17.16610169 -29.2 
101 418 487 23.83333333 19.895 13.32671233 -32.14 
102 418 488 5 21.769 12.35160256 -99 
103 418 487 25 20.533 18.26053812 -30.77 
104 418 488 7.875 23.107 16.40497925 -31.01 
105 418 486 8.076923077 22.933 17.24010989 -29.78 
106 418 487 18.72 -99 36.21192661 -29.6 
107 418 486 18 25.5 18.09655172 -29.73 
108 418 488 56.77419355 23.092 15.54078212 -30.42 
109 419 489 21.9047619 19.131 13.61188811 -31.08 
110 419 490 11.66666667 26.03 18.28264463 -31.54 
111 419 491 24.12195122 17.896 13.57043478 -31.62 
112 419 489 1 23.832 15.16533333 -30.66 
113 419 491 12 18.364 13.51380753 -32.16 
114 419 490 17.11111111 19.787 17.96064516 -99 
115 419 491 5 23.647 20.63944954 -30.51 
116 419 490 121.7857143 16.317 11.85492424 -31.36 
117 419 489 8 22.931 16.88482143 -30.4 
118 420 492 39.1 23.06 16.50168067 -30.93 
119 420 493 14 27.037 16.36904762 -30.55 
120 420 494 4.666666667 27.051 18.69517241 -30.68 
121 420 492 4 22.967 18.49064039 -99 
122 420 493 40.5 21.992 18.44606742 -31.25 
123 420 494 21 -99 23.46974359 -31.01 
124 420 492 11.42857143 23.659 51.878 -31.02 
125 420 494 15 25.4 19.22608696 -30.87 
126 420 493 51 24.183 12.16317829 -99 
127 421 495 34 20.43 13.11092715 -30.2 
128 421 496 38.4 23.025 15.08333333 -99 
129 421 497 0 18.32 18.28469945 -30.47 
130 421 496 9 24.476 -99 -30.96 
131 421 497 0 -99 19.4377551 -30.25 
132 421 495 7.142857143 17.249 16.1969163 -99 
133 421 496 16.25 -99 13.4152381 -29.05 
134 421 495 6 17.55 -99 -99 
135 421 497 0 18.906 15.36240602 -30.07 
136 422 498 25.55555556 23.45 12.30206897 -30.28 
137 422 499 0 23.548 16.21168091 -30 
138 422 500 11.64705882 21.062 19.76275862 -29.54 
139 422 499 25.09090909 25.106 20.83366667 -30.03 
140 422 500 1 21.569 15.56143345 -30.16 
141 422 498 0 25.475 -99 -30.01 
142 422 498 11 -99 16.87279412 -30.56 
143 422 500 7 25.642 14.08024691 -30.09 
144 422 499 9 19.438 12.72207294 -29.87 
145 423 501 1 23.013 18.43588235 -30.33 
146 423 502 1 21.551 -99 -29.61 
147 423 503 6 15.729 14.98916667 -30.94 
148 423 503 14 16.583 15.1907767 -31.02 
149 423 502 4 19.724 15.39365079 -29.54 
150 423 501 12 22.157 21.94191919 -31.11 
151 423 503 6 21.813 29.97009346 -31.07 
152 423 502 0 25.636 15.30965251 -30.28 
153 423 501 9 22.243 20.94411765 -31.46 
154 424 504 6 17.893 11.56271552 -31.84 
155 424 505 0 21.538 16.87511111 -30.22 
156 424 506 0 22.116 15.1078534 -31.62 
157 424 506 4 21.785 15.36382979 -31.47 
158 424 504 6 24.296 16.43082437 -31.87 
159 424 505 1.2 20.748 19.7045977 -30.96 
160 424 505 1 26.403 15.76722222 -29.86 
161 424 506 6 23.153 20.1649789 -31.44 
162 424 504 1 19.844 13.73067485 -99 
163 425 507 0 20.992 13.51048035 -30.91 
164 425 508 7 25.146 22.46098485 -30.87 
165 425 509 3 16.737 4.876276807 -28.59 
166 425 509 0 19.179 15.86317016 -31.55 
167 425 507 4.4 20.54 13.99245283 -99 
168 425 508 12 22.809 23.9539749 -30.49 
169 425 509 4 16.62 13.27305389 -30.88 
170 425 508 11 22.071 18.22620968 -30.76 
171 425 507 18.20689655 24.136 12.13577778 -99 
172 426 510 1.2 12.235 13.59097473 -31.27 
173 426 511 9.5 19.94 24.06060606 -30.1 
174 426 512 8 20.143 15.90786517 -29.96 
175 426 512 3.75 14.539 20.02274882 -99 
176 426 510 15 22.449 15.8904 -31.42 
177 426 511 0 20.577 17.94152047 -31.62 
178 426 512 14 22.464 13.15958379 -31.26 
179 426 511 21.33333333 25.096 15.52522936 -30.6 
180 426 510 5 23.467 14.10149254 -31.75 
181 427 513 15 24.48 17.44312977 -31.13 
182 427 514 68.45833333 20.09 15.80292683 -30.93 
183 427 515 7 20.316 15.28571429 -31.22 
184 427 514 67.39130435 26.865 12.35750916 -31.34 
185 427 513 0 24.257 27.00093458 -31.75 
186 427 515 13.2 24.633 18.26338028 -30.83 
187 427 514 42 27.805 23.01097561 -30.3 
188 427 513 0 24.18 15.50124224 -30.79 
189 427 515 0 24.091 13.07694175 -30.03 
190 428 516 16 22.4 17.3505 -30.25 
191 428 517 29 22.176 17.5440678 -30.79 
192 428 518 15 25.619 18.24257028 -30 
193 428 517 4 19.293 16.17318919 -31.23 
194 428 518 27 26.2 16.95535714 -99 
195 428 516 13.71428571 21.074 -99 -30.36 
196 428 516 15 24.376 13.44961832 -99 
197 428 517 29 21.745 16.51589744 -30.77 
198 428 518 7 21.916 14.56330275 -30.5 
199 429 519 1 20.477 16.91006711 -31.91 
200 429 520 31 25.638 12.28806818 -30.87 
201 429 521 16 19.68 11.98647399 -31.86 
202 429 520 17 21.93 15.58108108 -99 
203 429 521 5.384615385 27.635 15.70375 -31.33 
204 429 519 8 26.754 18.71973684 -31.14 
205 429 520 0 22.832 15.46968504 -31.11 
206 429 519 11 20.252 16.1083612 -30 
207 429 521 2 20.284 13.87806452 -30.8 
208 430 522 0 18.449 -99 -99 
209 430 523 0 21.96 27.92222222 -30.54 
210 430 524 48.875 24.146 30.10441176 -30.99 
211 430 524 0 -99 14.04869888 -30.78 
212 430 523 4.307692308 22.977 16.65126904 -31.08 
213 430 522 0 24.701 18.28529412 -30.22 
214 430 524 1.333333333 18.96 17.15144928 -30.35 
215 430 523 0 26.104 7.556338028 -99 
216 430 522 7 -99 18.99137931 -31.17 
217 431 525 10 23.621 17.83927273 -31.53 
218 431 526 8 23.265 16.74230769 -31.06 
219 431 525 7 20.263 15.65423729 -31.91 
220 431 526 44.2 18.363 15.268 -31.49 
221 431 525 20.8 19.624 17.21941748 -29.85 
222 431 526 23 19.859 13.86534091 -30.33 
223 432 527 0 20.159 16.29593909 -31.02 
224 432 528 24.21052632 22.96 15.01338583 -30.91 
225 432 529 15.07692308 20.661 18.05551948 -30.86 
226 432 529 44 18.431 15.25326087 -31.43 
227 432 527 59.4 22.781 18.57159091 -99 
228 432 528 0 17.592 18.88983051 -31.56 
229 432 527 57.27272727 17.315 12.94009434 -30.5 
230 432 529 55.71428571 18.538 16.82730769 -31.26 
231 432 528 2.142857143 20.857 11.6295302 -31.15 
232 433 530 14 14.89 12.36153846 -30.84 
233 433 531 3 15.99 10.6259542 -29.54 
234 433 532 20.77777778 19.962 17.29837838 -30.73 
235 433 530 10.5 22.477 14.29024919 -30.54 
236 433 531 22 25.891 14.01506849 -31.07 
237 433 532 31.5 20.6 19.05924171 -31.89 
238 433 532 4 18.499 17.88957055 -31.13 
239 433 531 86.31578947 23.71 18.04519573 -31.32 
240 433 530 0 20.1 18.36347305 -99 
241 434 533 3.214285714 19.27 16.01666667 -31.33 
242 434 534 4 20.544 18.64979757 -29.91 
243 434 533 2 17.013 21.34132231 -31.27 
244 434 535 21.9047619 20.421 22.40731707 -31.47 
245 434 534 7.5 27.725 42.20408163 -99 
246 434 534 7.714285714 -99 5.721981424 -29.72 
247 434 535 6 21.471 19.74723926 -30.67 
248 434 533 7 21.167 11.65227273 -30.7 
249 435 536 16 16.456 15.36373333 -29.55 
250 435 537 3 17.837 14.082263 -29.12 
251 435 538 0 20.452 15.76066667 -29.7 
252 435 538 8.695652174 23.369 16.47454545 -30.51 
253 435 537 2.5 22.574 16.57370892 -30.22 
254 435 536 6 24.44 22.43305785 -30.51 
255 435 538 13.8125 18.35 15.9587963 -30.17 
256 435 537 0 18.978 16.48415842 -99 
257 435 536 9.818181818 22.005 11.56587838 -30.67 
258 436 539 9.9 23.131 19.81690647 -30.91 
259 436 540 3 26.495 15.87083333 -31.65 
260 436 541 6 23.832 14.54153846 -30.78 
261 436 541 23.14285714 21.21 10.95443787 -31.3 
262 436 540 34.44444444 23.771 13.75181818 -32.09 
263 436 539 1 -99 19.24822888 -31.27 
264 436 539 174 26.5 13.65756303 -30.71 
265 436 541 11.57142857 23.89 16.08510638 -30.97 
266 436 540 2.526315789 23.888 19.08974359 -30.81 
267 437 542 19.61538462 24.19 8.768957154 -29.51 
268 437 543 0 18.326 16.95154321 -29.81 
269 437 544 0 21.166 20.00054054 -29.91 
270 437 542 -99 17.714 13.23387755 -31.5 
271 437 544 49.69230769 21.336 16.59509804 -30.25 
272 437 543 209.5428571 20.825 13.88551237 -31.46 
273 437 544 77.17391304 23.025 12.48965517 -99 
274 437 543 0 25.071 12.11013986 -29.36 
275 437 542 38 20.065 13.72791328 -29.29 
276 438 545 1.333333333 19.156 15.4278481 -30.23 
277 438 546 6 22.099 14.27269841 -29.81 
278 438 547 156 18.108 19.53821138 -30.17 
279 438 546 41 24.389 16.74702703 -28.98 
280 438 547 43 -99 -99 -30.51 
281 438 545 12.70588235 22.279 34.18920455 -31.66 
282 438 545 17 23.17 15.17908163 -30.57 
283 438 547 70.41666667 18.069 17.02330508 -30.7 
284 438 546 0 25.675 20.22222222 -30.07 
285 439 548 5.333333333 22.207 14.302 -30.01 
286 439 549 19 -99 23.76571429 -31.52 
287 439 550 7.875 21.954 18.8372093 -31.16 
288 439 548 24.64285714 22.591 13.73972603 -30.99 
289 439 550 55.20833333 22.118 38.85 -31.25 
290 439 549 3.666666667 25.488 17.61214953 -31.06 
291 439 550 31.23076923 19.068 42.43958333 -30.93 
292 439 548 0 18.956 16.40417755 -31.54 
293 439 549 -99 24.023 16.05986622 -29.74 
294 440 551 45.22222222 20.479 20.36772616 -31.24 
295 440 552 11.66666667 23.631 24.99863946 -30.75 
296 440 553 4 21.396 15.40467033 -31.07 
297 440 551 0 20.213 16.83404255 -99 
298 440 553 6 23.256 15.88955224 -30.42 
299 440 552 4 20.461 11.25484765 -31.18 
300 440 552 4 22.76 12.78785942 -99 
301 440 553 45.23809524 22.947 16.23197674 -29.93 
302 440 551 4.333333333 25.13 19.29039301 -30.01 
303 441 554 0 -99 14.99245283 -30.62 
304 441 555 3 15.716 11.46695652 -30.55 
305 441 554 28 22.247 15.50026385 -30.63 
306 441 555 13.2 20.603 12.33383459 -31.47 
307 441 556 4 23.042 14.25429864 -30.23 
308 441 554 0 22.329 13.87040816 -99 
309 441 555 0 20.436 14.42960289 -31.24 
310 442 557 13.92857143 26.319 16.82657807 -31.2 
311 442 558 65.16666667 26.863 12.41688312 -31.48 
312 442 559 5 23.41 14.72546584 -99 
313 442 558 45 20.23 17.37591623 -99 
314 442 557 27.3125 24.326 15.35764706 -31.26 
315 442 559 4.571428571 27.198 18.10862069 -32.1 
316 442 559 28 21.059 15.39450549 -30.64 
317 442 558 57.52173913 25.248 17.00361446 -30.28 
318 442 557 10 26.107 17.73811563 -29.12 
319 443 560 0 19.99 12.7489011 -30.49 
320 443 561 0 24.879 17.4652027 -99 
321 443 562 25.6 16.065 21.06195652 -29.75 
322 443 560 60 21.729 22.63736264 -29.74 
323 443 562 2.5 -99 22.57723577 -29.54 
324 443 561 12.1 -99 17.66940299 -30.2 
325 443 560 0 17.01 17.06280488 -30.96 
326 443 562 27.77777778 21.972 19.19289617 -99 
327 444 563 2.714285714 23.835 15.80825688 -30.21 
328 444 564 55.53333333 24.954 -99 -99 
329 444 565 84.64285714 21.336 17.545 -30.5 
330 444 563 0 18.183 16.33184524 -30.26 
331 444 565 0 18.805 18.76900585 -32.13 
332 444 564 4.888888889 25.207 14.63875969 -31.04 
333 444 563 26.18181818 22.536 14.10122449 -99 
334 444 565 2.333333333 25.3 17.48 -31.21 
335 444 564 33 26.981 16.92765957 -30.56 
336 445 566 15 18.034 -99 -31.1 
337 445 567 28 19.413 -99 -31.39 
338 445 568 8 21.607 17.15700935 -30.03 
339 445 568 4 21.137 13.5528 -99 
340 445 566 4 24.561 22.80916667 -30.65 
341 445 567 4.571428571 21.772 14.95535714 -30.42 
342 445 566 8.4 24.322 16.24657534 -30.54 
343 445 568 0 18.031 9.77739726 -31.98 
344 445 567 23.29411765 19.862 11.604 -30.21 
345 446 569 0 23.514 14.94690722 -30.59 
346 446 570 2 20.842 14.29064516 -30.62 
347 446 571 8 22.9 15.03974359 -30.94 
348 446 570 25.84615385 19.332 21.61034483 -30.42 
349 446 569 1 23.496 17.58606557 -31.63 
350 446 571 56 21.644 15.77257143 -30.82 
351 446 569 11.11111111 -99 11.77111111 -30.27 
352 446 571 7.714285714 24.9 18.0931677 -30.39 
353 446 570 30.8125 20.884 19.46352941 -30.95 
354 447 572 6 22.906 19.78215768 -31.51 
355 447 573 32 23.37 -99 -99 
356 447 574 0 23.341 12.76125 -31.04 
357 447 574 8.333333333 22.796 21.68623188 -32.6 
358 447 572 10 22.878 15.78134557 -31.65 
359 447 573 22.5 22.417 19.04950495 -31.62 
360 447 574 4.210526316 12.51 14.60389972 -31.57 
361 447 572 5 23.528 12.38153846 -31.42 
362 447 573 147.275 25.964 18.52678571 -99 
363 448 575 10 21.01 14.28345324 -30.99 
364 448 576 22.5 21.897 20.05434243 -30.77 
365 448 577 17.33333333 26.309 15.99122807 -30.36 
366 448 575 30.33333333 25.304 16.43521127 -30.68 
367 448 576 27.42857143 18.292 16.75338346 -31.45 
368 448 577 7.857142857 13.794 22.9352518 -30.39 
369 448 576 16.36363636 24.471 16.89863946 -29.62 
370 448 577 1.125 23.2 18.65882353 -31.08 
371 448 575 12.57142857 17.317 12.66649215 -30.25 
372 449 578 14.4 23.408 19.60301003 -99 
373 449 579 43 19.759 18.70719424 -30.27 
374 449 580 10 19.18 17.55590909 -30.94 
375 449 580 49.08333333 21.788 13.80970149 -31.98 
376 449 579 5 18.544 17.90630631 -30.49 
377 449 578 1.142857143 23.755 16.71 -99 
378 449 579 27.5 23.06 15.33333333 -29.81 
379 449 580 28 21.841 13.17045455 -29.55 
380 449 578 29 22.211 12.93641026 -29.39 
381 450 581 6 22.486 18.31716418 -31.47 
382 450 582 14 22.12 13.43928571 -30.76 
383 450 583 7 22.081 14.93809524 -31.4 
384 450 582 41.22857143 22.508 17.18385417 -31.59 
385 450 583 74.05714286 19.36 15.62340426 -99 
386 450 581 21 19.007 18.77567568 -31.31 
387 450 581 34 -99 89.484 -31.13 
388 450 583 21.42857143 25.194 19.56052632 -31.44 
389 450 582 27.38095238 22.737 14.5538835 -31.2 
390 451 584 9 19.275 15.09322034 -29.64 
391 451 585 22 23.471 21.92822581 -30.44 
392 451 586 22.66666667 24.779 11.61907514 -30.25 
393 451 585 0 -99 28.70764706 -29.97 
394 451 586 63.14814815 21.815 20.43557692 -99 
395 451 584 17 17.756 15.5757085 -99 
396 451 586 65.57142857 21.2 15.09932432 -99 
397 451 584 60.15384615 22.51 21.30052632 -31.05 
398 451 585 0 20.687 12.45166667 -31.18 
399 452 587 15.27272727 17.534 -99 -31.31 
400 452 588 57.14285714 22.254 20.82817869 -31.56 
401 452 589 36 19.34 18.81375465 -31.67 
402 452 588 1.5 -99 23.5975 -99 
403 452 589 10.88888889 26.106 20.92300885 -29.85 
404 452 587 30 22.051 14.33191489 -32.33 
405 452 588 0 26.172 15.40617284 -30.36 
406 452 589 38.23529412 22.741 13.55137615 -30.07 
407 0 0 -99 -99 -99 -99 
408 0 0 -99 -99 -99 -99 
409 0 0 -99 -99 -99 -99 
410 0 0 -99 -99 -99 -99 
411 0 0 -99 -99 -99 -99 
412 0 0 -99 -99 -99 -99 
413 0 0 -99 -99 -99 -99 
414 0 0 -99 -99 -99 -99 
415 0 0 -99 -99 -99 -99 
416 0 0 -99 -99 -99 -99 
417 0 0 -99 -99 -99 -99 
418 0 0 -99 -99 -99 -99 
419 0 0 -99 -99 -99 -99 
420 0 0 -99 -99 -99 -99 
421 0 0 -99 -99 -99 -99 
422 0 0 -99 -99 -99 -99 
423 0 0 -99 -99 -99 -99 
424 0 0 -99 -99 -99 -99 
425 0 0 -99 -99 -99 -99 
426 0 0 -99 -99 -99 -99 
427 0 0 -99 -99 -99 -99 
428 0 0 -99 -99 -99 -99 
429 0 0 -99 -99 -99 -99 
430 0 0 -99 -99 -99 -99 
431 0 0 -99 -99 -99 -99 
432 0 0 -99 -99 -99 -99 
433 0 0 -99 -99 -99 -99 
434 0 0 -99 -99 -99 -99 
435 0 0 -99 -99 -99 -99 
436 0 0 -99 -99 -99 -99 
437 0 0 -99 -99 -99 -99 
438 0 0 -99 -99 -99 -99 
439 0 0 -99 -99 -99 -99 
440 0 0 -99 -99 -99 -99 
441 0 0 -99 -99 -99 -99 
442 0 0 -99 -99 -99 -99 
443 0 0 -99 -99 -99 -99 
444 0 0 -99 -99 -99 -99 
445 0 0 -99 -99 -99 -99 
446 0 0 -99 -99 -99 -99 
447 0 0 -99 -99 -99 -99 
448 0 0 -99 -99 -99 -99 
449 0 0 -99 -99 -99 -99 
450 0 0 -99 -99 -99 -99 
451 0 0 -99 -99 -99 -99 
452 0 0 -99 -99 -99 -99 
453 0 0 -99 -99 -99 -99 
454 0 0 -99 -99 -99 -99 
455 0 0 -99 -99 -99 -99 
456 0 0 -99 -99 -99 -99 
457 0 0 -99 -99 -99 -99 
458 0 0 -99 -99 -99 -99 
459 0 0 -99 -99 -99 -99 
460 0 0 -99 -99 -99 -99 
461 0 0 -99 -99 -99 -99 
462 0 0 -99 -99 -99 -99 
463 0 0 -99 -99 -99 -99 
464 0 0 -99 -99 -99 -99 
465 0 0 -99 -99 -99 -99 
466 0 0 -99 -99 -99 -99 
467 0 0 -99 -99 -99 -99 
468 0 0 -99 -99 -99 -99 
469 0 0 -99 -99 -99 -99 
470 0 0 -99 -99 -99 -99 
471 0 0 -99 -99 -99 -99 
472 0 0 -99 -99 -99 -99 
473 0 0 -99 -99 -99 -99 
474 0 0 -99 -99 -99 -99 
475 0 0 -99 -99 -99 -99 
476 0 0 -99 -99 -99 -99 
477 0 0 -99 -99 -99 -99 
478 0 0 -99 -99 -99 -99 
479 0 0 -99 -99 -99 -99 
480 0 0 -99 -99 -99 -99 
481 0 0 -99 -99 -99 -99 
482 0 0 -99 -99 -99 -99 
483 0 0 -99 -99 -99 -99 
484 0 0 -99 -99 -99 -99 
485 0 0 -99 -99 -99 -99 
486 0 0 -99 -99 -99 -99 
487 0 0 -99 -99 -99 -99 
488 0 0 -99 -99 -99 -99 
489 0 0 -99 -99 -99 -99 
490 0 0 -99 -99 -99 -99 
491 0 0 -99 -99 -99 -99 
492 0 0 -99 -99 -99 -99 
493 0 0 -99 -99 -99 -99 
494 0 0 -99 -99 -99 -99 
495 0 0 -99 -99 -99 -99 
496 0 0 -99 -99 -99 -99 
497 0 0 -99 -99 -99 -99 
498 0 0 -99 -99 -99 -99 
499 0 0 -99 -99 -99 -99 
500 0 0 -99 -99 -99 -99 
501 0 0 -99 -99 -99 -99 
502 0 0 -99 -99 -99 -99 
503 0 0 -99 -99 -99 -99 
504 0 0 -99 -99 -99 -99 
505 0 0 -99 -99 -99 -99 
506 0 0 -99 -99 -99 -99 
507 0 0 -99 -99 -99 -99 
508 0 0 -99 -99 -99 -99 
509 0 0 -99 -99 -99 -99 
510 0 0 -99 -99 -99 -99 
511 0 0 -99 -99 -99 -99 
512 0 0 -99 -99 -99 -99 
513 0 0 -99 -99 -99 -99 
514 0 0 -99 -99 -99 -99 
515 0 0 -99 -99 -99 -99 
516 0 0 -99 -99 -99 -99 
517 0 0 -99 -99 -99 -99 
518 0 0 -99 -99 -99 -99 
519 0 0 -99 -99 -99 -99 
520 0 0 -99 -99 -99 -99 
521 0 0 -99 -99 -99 -99 
522 0 0 -99 -99 -99 -99 
523 0 0 -99 -99 -99 -99 
524 0 0 -99 -99 -99 -99 
525 0 0 -99 -99 -99 -99 
526 0 0 -99 -99 -99 -99 
527 0 0 -99 -99 -99 -99 
528 0 0 -99 -99 -99 -99 
529 0 0 -99 -99 -99 -99 
530 0 0 -99 -99 -99 -99 
531 0 0 -99 -99 -99 -99 
532 0 0 -99 -99 -99 -99 
533 0 0 -99 -99 -99 -99 
534 0 0 -99 -99 -99 -99 
535 0 0 -99 -99 -99 -99 
536 0 0 -99 -99 -99 -99 
537 0 0 -99 -99 -99 -99 
538 0 0 -99 -99 -99 -99 
539 0 0 -99 -99 -99 -99 
540 0 0 -99 -99 -99 -99 
541 0 0 -99 -99 -99 -99 
542 0 0 -99 -99 -99 -99 
543 0 0 -99 -99 -99 -99 
544 0 0 -99 -99 -99 -99 
545 0 0 -99 -99 -99 -99 
546 0 0 -99 -99 -99 -99 
547 0 0 -99 -99 -99 -99 
548 0 0 -99 -99 -99 -99 
549 0 0 -99 -99 -99 -99 
550 0 0 -99 -99 -99 -99 
551 0 0 -99 -99 -99 -99 
552 0 0 -99 -99 -99 -99 
553 0 0 -99 -99 -99 -99 
554 0 0 -99 -99 -99 -99 
555 0 0 -99 -99 -99 -99 
556 0 0 -99 -99 -99 -99 
557 0 0 -99 -99 -99 -99 
558 0 0 -99 -99 -99 -99 
559 0 0 -99 -99 -99 -99 
560 0 0 -99 -99 -99 -99 
561 0 0 -99 -99 -99 -99 
562 0 0 -99 -99 -99 -99 
563 0 0 -99 -99 -99 -99 
564 0 0 -99 -99 -99 -99 
565 0 0 -99 -99 -99 -99 
566 0 0 -99 -99 -99 -99 
567 0 0 -99 -99 -99 -99 
568 0 0 -99 -99 -99 -99 
569 0 0 -99 -99 -99 -99 
570 0 0 -99 -99 -99 -99 
571 0 0 -99 -99 -99 -99 
572 0 0 -99 -99 -99 -99 
573 0 0 -99 -99 -99 -99 
574 0 0 -99 -99 -99 -99 
575 0 0 -99 -99 -99 -99 
576 0 0 -99 -99 -99 -99 
577 0 0 -99 -99 -99 -99 
578 0 0 -99 -99 -99 -99 
579 0 0 -99 -99 -99 -99 
580 0 0 -99 -99 -99 -99 
581 0 0 -99 -99 -99 -99 
582 0 0 -99 -99 -99 -99 
583 0 0 -99 -99 -99 -99 
584 0 0 -99 -99 -99 -99 
585 0 0 -99 -99 -99 -99 
586 0 0 -99 -99 -99 -99 
587 0 0 -99 -99 -99 -99 
588 0 0 -99 -99 -99 -99 
589 0 0 -99 -99 -99 -99 
0       