2	3	0	1	0	
0					
1	268	308	19.315	15.73207547	-30.96
2	268	308	21.912	17.74029126	-99
3	268	308	-99	19.22951807	-99
4	268	309	23.075	18.20184332	-33
5	268	309	21.95	17.23829787	-31.82
6	268	309	21.487	11.58422222	-99
7	268	310	-99	-99	-99
8	268	310	-99	18.74946996	-30.84
9	268	310	-99	-99	-30.89
10	269	311	17.968	-99	-33.23
11	269	311	19.476	-99	-99
12	269	311	-99	-99	-31.32
13	269	312	-99	15.56613272	-32.28
14	269	312	21.952	11.2009009	-31.77
15	269	312	20.969	-99	-31.32
16	269	313	-99	-99	-32.66
17	269	313	23.112	11.8730038	-31.93
18	269	313	20.785	-99	-32.04
19	270	314	17.393	19.74745223	-31.92
20	270	314	21.328	14.10441176	-31.41
21	270	314	18.715	23.25508475	-32.07
22	270	315	-99	-99	-99
23	270	315	17.41	-99	-99
24	270	316	-99	-99	-32.93
25	271	317	23.981	12.68978873	-31.62
26	271	317	22.539	-99	-31.44
27	271	317	-99	13.77633588	-30.84
28	271	318	-99	16.50089686	-99
29	271	318	-99	16.08409639	-99
30	271	318	-99	-99	-31.16
31	271	319	20.06	12.57786458	-32.62
32	271	319	-99	-99	-31.28
33	272	320	-99	-99	-31.97
34	272	321	16.776	18.79246575	-32.12
35	272	321	-99	15.9640264	-31.2
36	273	322	-99	-99	-99
37	273	322	21.996	-99	-30.85
38	273	323	22.462	14.00383747	-31.86
39	273	323	-99	17.10961538	-32.5
40	273	323	19.199	-99	-31.9
41	273	324	-99	-99	-99
42	273	324	-99	-99	-32.22
43	274	325	22.104	-99	-99
44	275	326	17.69	15.80745698	-32.62
45	275	326	-99	18.96042654	-31.61
46	275	326	8.775	-99	-99
47	275	327	-99	-99	-99
48	275	327	22.607	17.74914089	-99
49	275	327	19.475	-99	-32.01
50	276	328	19.056	14.70828402	-30.99
51	276	328	-99	-99	-32.07
52	276	328	15.335	-99	-30.68
53	276	329	22.18	12.45913043	-31.52
54	276	329	-99	20.42797203	-33.05
55	276	329	-99	-99	-99
56	276	330	-99	-99	-31.69
57	276	330	15.334	14.81254019	-32.21
58	276	330	-99	16.84450704	-99
59	277	331	20.498	12.65541796	-32.89
60	277	331	17.991	-99	-31.08
61	277	332	17.247	10.7080402	-31.61
62	277	332	19.279	-99	-30.64
63	277	332	18.005	-99	-32.23
64	278	333	19.151	12.19392971	-31.41
65	278	333	16.661	17.52798354	-99
66	278	334	23.718	18.84381625	-32.01
67	278	334	-99	19.29569892	-99
68	278	334	-99	13.5204878	-33.18
69	278	335	-99	13.14146919	-31.99
70	278	335	-99	11.56561086	-99
71	278	335	16.701	19.00813008	-32.07
72	279	336	17.651	17.66909091	-32.48
73	279	336	15.076	-99	-31.52
74	279	336	18.894	13.98064516	-31.26
75	279	337	17.596	-99	-30.46
76	279	337	21.02	15.44457831	-30.89
77	279	338	17.389	-99	-31.57
78	280	339	18.553	15.04216867	-31.79
79	280	339	18.805	20.19444444	-30.62
80	280	339	-99	-99	-99
81	280	340	18.926	15.72586873	-99
82	280	340	-99	12.58487973	-31.98
83	280	340	-99	17.23	-31.84
84	281	341	23.885	17.42627907	-31.63
85	281	341	25.076	15.36650485	-99
86	281	341	-99	14.1127451	-99
87	281	342	-99	-99	-32.86
88	281	342	-99	-99	-31.71
89	281	342	20.447	15.52867925	-30.37
90	282	343	-99	-99	-32.15
91	282	343	-99	11.51255319	-30.64
92	282	343	17.514	10.19354839	-30.53
93	282	344	23.881	17.04931507	-31.66
94	282	344	-99	-99	-31.18
95	282	344	23.311	-99	-31.59
96	282	345	18.695	-99	-31.44
97	282	345	18.439	-99	-30.87
98	282	345	23.282	18.03817035	-31.05
99	283	346	15.922	15.22994505	-32.46
100	283	346	-99	18.96956522	-31.34
101	283	346	20.493	18.85972222	-30.21
102	283	347	22.885	19.08450704	-31.74
103	283	347	-99	16.36580311	-31.54
104	283	347	17.76	14.22298137	-30.43
105	283	348	17.08	13.65459057	-31.15
106	283	348	19.326	17.48534483	-30.75
107	284	349	17.388	16.7507874	-99
108	284	349	19.948	-99	-30.9
109	284	350	21.459	16.22683438	-31.68
110	284	350	-99	-99	-32.42
111	284	350	17.057	58.78695652	-31.4
112	284	351	17.605	16.21472393	-99
113	284	351	-99	14.33029197	-99
114	285	352	-99	16.04307692	-32.39
115	285	352	22.921	13.37392638	-32.65
116	285	352	20.842	21.45538058	-31.03
117	285	353	-99	13.25844156	-31.81
118	285	353	25.613	14.7601227	-31.48
119	285	353	-99	-99	-99
120	286	354	20.833	20.17419355	-99
121	286	354	-99	-99	-31.81
122	286	355	-99	18.81304348	-99
123	287	356	26.778	14.41957547	-32.58
124	287	356	24.973	16.8209205	-31.07
125	287	356	25.389	16.79310345	-31.53
126	287	357	21.969	-99	-99
127	287	357	21.651	12.42427184	-31.77
128	287	357	-99	17.31084746	-32.62
129	287	358	20.058	15.37627119	-31.39
130	287	358	19.927	14.41016043	-32.22
131	287	358	20.31	11.44285714	-31
132	288	359	-99	-99	-32.15
133	288	359	-99	-99	-99
134	288	359	-99	19.35412371	-31.08
135	288	360	15.4	16.41932773	-99
136	288	360	-99	-99	-31.55
137	289	361	-99	16.41337209	-32.81
138	289	361	-99	-99	-30.34
139	289	361	-99	-99	-99
140	289	362	22.713	13.65714286	-32.26
141	289	362	18.469	13.00295652	-32.26
142	289	362	23.477	-99	-31.46
143	289	363	17.349	-99	-31.85
144	289	363	-99	-99	-31.64
145	289	363	15.659	22.80136986	-32.45
146	290	364	17.583	16.33876652	-31.27
147	290	364	-99	13.09864407	-32.08
148	290	364	-99	16.94615385	-30.28
149	290	365	15.939	20.14780702	-31.21
150	290	365	19.269	16.19327731	-30.68
151	290	365	-99	13.89761905	-30.86
152	291	366	21.953	12.92675159	-99
153	291	366	-99	-99	-99
154	291	367	-99	-99	-32.09
155	291	367	21.147	15.15103093	-32.26
156	291	367	20.857	11.13217822	-99
157	291	368	17.141	23.07701863	-31.59
158	291	368	16.136	17.26443662	-31.14
159	292	369	20.338	16.53838863	-31.59
160	292	369	20.78	14.8906383	-32.98
161	292	369	19.515	19.90350318	-99
162	292	370	22.054	15.22781955	-32.11
163	292	370	-99	-99	-99
164	292	371	23.548	15.34695122	-32.19
165	292	371	-99	15.8797561	-31.49
166	292	371	20.961	-99	-31
167	293	372	19.078	-99	-31.84
168	294	373	16.383	-99	-31.09
169	294	373	-99	17.47247706	-31.36
170	294	373	17.995	17.56068376	-99
171	294	374	-99	13.67318008	-31.33
172	294	374	19.268	12.44393939	-31.91
173	294	374	19.318	-99	-30.67
174	295	375	18.232	13.30869565	-99
175	295	375	-99	13.5412844	-31.95
176	295	375	18.89	16.32512077	-31.88
177	295	376	-99	-99	-99
178	296	377	14.843	-99	-31.68
179	296	377	20.431	14.88817204	-30.93
180	296	377	18.013	13.67795824	-30.28
181	296	378	18.548	13.06973684	-99
182	296	378	-99	-99	-99
183	296	378	17.191	-99	-30.39
184	296	379	20.323	17.75410959	-31.18
185	296	379	22.54	12.81011236	-30.61
186	296	379	-99	-99	-30.84
187	297	380	-99	-99	-30.97
188	297	381	-99	-99	-99
189	297	381	-99	-99	-99
190	297	381	-99	-99	-99
191	297	382	22.709	-99	-99
192	297	382	-99	-99	-31.69
193	298	383	-99	21.39319149	-32.37
194	298	383	-99	-99	-99
195	298	384	26.278	16.17620482	-32.51
196	298	384	15.894	-99	-30.86
197	298	384	23.298	16.65686654	-30.48
198	298	385	-99	-99	-33.58
199	298	385	15.075	-99	-99
200	298	385	-99	-99	-31.38
201	299	386	-99	12.93438395	-32.42
202	299	386	-99	13.98271028	-99
203	299	386	17.139	-99	-99
204	299	387	-99	-99	-32.04
205	299	387	18.903	-99	-31.33
206	299	388	-99	14.16734104	-99
207	299	388	17.392	16.38072289	-32.28
208	299	388	-99	-99	-99
209	300	389	-99	15.99695817	-31.95
210	300	389	22.765	-99	-31.64
211	300	389	20.67	-99	-31.2
212	300	390	19.828	14.10643275	-99
213	300	390	-99	-99	-99
214	300	391	20.66	16.03253012	-32.17
215	300	391	18.105	14.66834171	-32.55
216	300	391	19.69	-99	-99
217	301	392	-99	-99	-32.42
218	301	392	-99	14.145	-31.84
219	301	392	19.167	-99	-30.01
220	301	393	18.642	13.81469816	-99
221	301	393	20.267	13.50680934	-30.64
222	302	394	-99	-99	-32.62
223	302	394	-99	-99	-99
224	302	395	15.552	13.71893491	-30.73
225	302	395	24.004	14.78966292	-32.09
226	302	395	-99	-99	-32.6
227	302	396	21.087	-99	-31.03
228	302	396	-99	-99	-32.05
229	302	396	19.127	14.7322314	-32.01
230	303	397	19.31	14.59321534	-32.06
231	303	397	-99	-99	-31.68
232	303	397	18.89	15.28720539	-31.78
233	303	398	22.144	10.61741294	-31.68
234	303	398	16.491	-99	-99
235	303	399	20.32	16.13293651	-32.22
236	303	399	-99	15.46284153	-30.82
237	303	399	24.166	14.68860294	-31.58
238	304	400	16.658	15.29019608	-32.04
239	304	400	23.516	16.63296296	-30.68
240	304	400	17.588	17.73315068	-99
241	304	401	-99	12.03005952	-99
242	304	401	-99	-99	-30.51
243	305	402	20.959	16.51829268	-32.05
244	305	402	-99	-99	-99
245	305	403	18.856	13.77038835	-32.08
246	305	403	18.961	-99	-31.79
247	305	403	19.802	14.59125683	-31.24
248	305	404	18.225	21.30649351	-32.23
249	305	404	17.554	18.2331384	-32.89
250	305	404	-99	-99	-31.47
251	306	405	-99	-99	-31.97
252	306	405	19.425	15.82861446	-31.3
253	306	405	20.335	-99	-31.2
254	306	406	-99	-99	-31.14
255	306	406	21.496	-99	-32.43
256	306	407	20.147	19.48028846	-32.33
257	306	407	-99	-99	-31.72
258	306	407	17.948	-99	-30.72
259	307	408	17.929	15.73425414	-31.77
260	307	408	15.753	-99	-32.69
261	307	408	-99	-99	-99
262	307	409	-99	11.76920821	-30.39
263	307	409	-99	16.08663697	-30.17
264	307	409	15.604	17.44728682	-31.9
265	307	410	22.637	18.90377358	-30.76
266	307	410	18.77	18.66489362	-31.15
267	307	410	-99	14.2920082	-99
268	0	0	-99	-99	-99
269	0	0	-99	-99	-99
270	0	0	-99	-99	-99
271	0	0	-99	-99	-99
272	0	0	-99	-99	-99
273	0	0	-99	-99	-99
274	0	0	-99	-99	-99
275	0	0	-99	-99	-99
276	0	0	-99	-99	-99
277	0	0	-99	-99	-99
278	0	0	-99	-99	-99
279	0	0	-99	-99	-99
280	0	0	-99	-99	-99
281	0	0	-99	-99	-99
282	0	0	-99	-99	-99
283	0	0	-99	-99	-99
284	0	0	-99	-99	-99
285	0	0	-99	-99	-99
286	0	0	-99	-99	-99
287	0	0	-99	-99	-99
288	0	0	-99	-99	-99
289	0	0	-99	-99	-99
290	0	0	-99	-99	-99
291	0	0	-99	-99	-99
292	0	0	-99	-99	-99
293	0	0	-99	-99	-99
294	0	0	-99	-99	-99
295	0	0	-99	-99	-99
296	0	0	-99	-99	-99
297	0	0	-99	-99	-99
298	0	0	-99	-99	-99
299	0	0	-99	-99	-99
300	0	0	-99	-99	-99
301	0	0	-99	-99	-99
302	0	0	-99	-99	-99
303	0	0	-99	-99	-99
304	0	0	-99	-99	-99
305	0	0	-99	-99	-99
306	0	0	-99	-99	-99
307	0	0	-99	-99	-99
308	0	0	-99	-99	-99
309	0	0	-99	-99	-99
310	0	0	-99	-99	-99
311	0	0	-99	-99	-99
312	0	0	-99	-99	-99
313	0	0	-99	-99	-99
314	0	0	-99	-99	-99
315	0	0	-99	-99	-99
316	0	0	-99	-99	-99
317	0	0	-99	-99	-99
318	0	0	-99	-99	-99
319	0	0	-99	-99	-99
320	0	0	-99	-99	-99
321	0	0	-99	-99	-99
322	0	0	-99	-99	-99
323	0	0	-99	-99	-99
324	0	0	-99	-99	-99
325	0	0	-99	-99	-99
326	0	0	-99	-99	-99
327	0	0	-99	-99	-99
328	0	0	-99	-99	-99
329	0	0	-99	-99	-99
330	0	0	-99	-99	-99
331	0	0	-99	-99	-99
332	0	0	-99	-99	-99
333	0	0	-99	-99	-99
334	0	0	-99	-99	-99
335	0	0	-99	-99	-99
336	0	0	-99	-99	-99
337	0	0	-99	-99	-99
338	0	0	-99	-99	-99
339	0	0	-99	-99	-99
340	0	0	-99	-99	-99
341	0	0	-99	-99	-99
342	0	0	-99	-99	-99
343	0	0	-99	-99	-99
344	0	0	-99	-99	-99
345	0	0	-99	-99	-99
346	0	0	-99	-99	-99
347	0	0	-99	-99	-99
348	0	0	-99	-99	-99
349	0	0	-99	-99	-99
350	0	0	-99	-99	-99
351	0	0	-99	-99	-99
352	0	0	-99	-99	-99
353	0	0	-99	-99	-99
354	0	0	-99	-99	-99
355	0	0	-99	-99	-99
356	0	0	-99	-99	-99
357	0	0	-99	-99	-99
358	0	0	-99	-99	-99
359	0	0	-99	-99	-99
360	0	0	-99	-99	-99
361	0	0	-99	-99	-99
362	0	0	-99	-99	-99
363	0	0	-99	-99	-99
364	0	0	-99	-99	-99
365	0	0	-99	-99	-99
366	0	0	-99	-99	-99
367	0	0	-99	-99	-99
368	0	0	-99	-99	-99
369	0	0	-99	-99	-99
370	0	0	-99	-99	-99
371	0	0	-99	-99	-99
372	0	0	-99	-99	-99
373	0	0	-99	-99	-99
374	0	0	-99	-99	-99
375	0	0	-99	-99	-99
376	0	0	-99	-99	-99
377	0	0	-99	-99	-99
378	0	0	-99	-99	-99
379	0	0	-99	-99	-99
380	0	0	-99	-99	-99
381	0	0	-99	-99	-99
382	0	0	-99	-99	-99
383	0	0	-99	-99	-99
384	0	0	-99	-99	-99
385	0	0	-99	-99	-99
386	0	0	-99	-99	-99
387	0	0	-99	-99	-99
388	0	0	-99	-99	-99
389	0	0	-99	-99	-99
390	0	0	-99	-99	-99
391	0	0	-99	-99	-99
392	0	0	-99	-99	-99
393	0	0	-99	-99	-99
394	0	0	-99	-99	-99
395	0	0	-99	-99	-99
396	0	0	-99	-99	-99
397	0	0	-99	-99	-99
398	0	0	-99	-99	-99
399	0	0	-99	-99	-99
400	0	0	-99	-99	-99
401	0	0	-99	-99	-99
402	0	0	-99	-99	-99
403	0	0	-99	-99	-99
404	0	0	-99	-99	-99
405	0	0	-99	-99	-99
406	0	0	-99	-99	-99
407	0	0	-99	-99	-99
408	0	0	-99	-99	-99
409	0	0	-99	-99	-99
410	0	0	-99	-99	-99
0					