2	4	0	1	0		
0						
1	279	319	10.5	24.109	-99	-99
2	279	319	-99	15.792	-99	-31.15
3	279	320	7.2	20.861	-99	-32.03
4	279	320	23.57142857	22.519	15.24829545	-32
5	279	321	8	18.593	12.57909968	-32.34
6	279	321	36	26.681	19.30978474	-31.48
7	279	321	-99	-99	-99	-30.89
8	280	322	-99	-99	-99	-99
9	280	322	21	-99	17.11296296	-31.95
10	280	322	4	-99	16.88985507	-99
11	280	323	25.66666667	19.808	14.66079545	-32.17
12	280	323	-99	-99	-99	-33.67
13	280	323	-99	-99	-99	-31.01
14	280	324	0	21.676	12.04049217	-32.37
15	280	324	28	-99	16.67937063	-30.82
16	280	324	0	-99	-99	-99
17	281	325	1	23.957	11.93607955	-31.06
18	281	325	7	-99	-99	-99
19	281	325	-99	-99	-99	-31.37
20	281	326	0	13.501	18.29596413	-32.89
21	281	326	0	23.698	10.1029703	-31.01
22	281	326	-99	-99	-99	-30.57
23	281	327	27	19.641	17.03536585	-31.24
24	281	327	0	17.873	11.71288344	-99
25	281	327	-99	-99	-99	-99
26	282	328	0	-99	-99	-31.03
27	282	328	0	18.872	15.82850679	-30.15
28	282	328	20	-99	13.73228346	-31.7
29	282	329	86.66666667	20.837	-99	-31.05
30	282	329	22.16666667	21.916	-99	-31.36
31	282	329	7.5	-99	-99	-32.19
32	282	330	10.5	19.199	13.51666667	-32
33	282	330	12.5	-99	12.50704501	-31.64
34	282	330	0	17.594	17.35641026	-31.7
35	283	331	2	19.637	13.68958333	-99
36	283	331	0	-99	-99	-99
37	283	332	-99	15.241	14.09521277	-99
38	283	332	15	17.716	-99	-99
39	283	332	0	23.997	-99	-30.42
40	284	333	29.33333333	23.306	15.01158301	-31.79
41	284	333	0	-99	-99	-99
42	284	333	0	-99	-99	-99
43	284	334	0	-99	15.7678125	-99
44	284	334	8	17.201	-99	-99
45	284	334	15.6	19.349	-99	-30.54
46	284	335	30	17.346	17.96305085	-32.24
47	284	335	5.833333333	18.26	13.69207459	-30.73
48	284	335	0	-99	-99	-99
49	285	336	7.5	-99	-99	-32.25
50	285	336	0	20.913	13.26468085	-99
51	285	336	2.666666667	15.588	17.42054054	-30.15
52	286	337	23.33333333	-99	12.66659039	-32.61
53	286	337	-99	23.162	-99	-32.4
54	286	337	17.5	21.723	12.49045802	-30.81
55	286	338	16	-99	11.49135802	-31.76
56	286	338	14.4	21.977	15.35165563	-30.31
57	286	338	3	-99	-99	-31.56
58	286	339	6.666666667	21.352	16.96139241	-32.19
59	287	340	18	-99	18.41679688	-32.38
60	287	340	-99	19.18	14.73402062	-31.95
61	287	340	21.85714286	-99	21.22066116	-30.95
62	287	341	0	22.543	15.76598101	-32.3
63	287	341	0	12.663	-99	-99
64	287	342	0	-99	-99	-99
65	287	342	18	18.173	-99	-30.8
66	287	342	2	20.151	-99	-30.55
67	288	343	3	-99	19.90622568	-31.09
68	288	343	14	-99	-99	-31.73
69	288	343	0	21.081	-99	-30.63
70	288	344	-99	-99	-99	-31.92
71	288	344	0	-99	-99	-31.49
72	288	344	10	16.641	-99	-31.27
73	289	345	8	-99	14.84176471	-31.83
74	289	345	29.75	-99	-99	-31.41
75	289	345	6.666666667	-99	-99	-31.4
76	289	346	4	20.394	13.00328358	-31.53
77	289	346	6	15.997	16.4	-31.77
78	289	346	20.4	17.333	-99	-30.27
79	289	347	38	16.989	14.76934307	-31.52
80	289	347	1.333333333	-99	18.45024272	-30.87
81	290	348	20	-99	-99	-30.94
82	290	349	11	21.164	17.52989418	-31.47
83	290	349	17	23.212	-99	-29.67
84	290	350	63.21428571	18.37	17.33888889	-31.71
85	290	350	9	-99	-99	-31.37
86	291	351	-99	15.383	-99	-32.43
87	291	351	68.6	-99	13.51082803	-29.82
88	291	351	0	19.271	-99	-31.01
89	291	352	0	21.664	22.27	-32.2
90	291	352	3	-99	-99	-99
91	292	353	0	-99	16.06020202	-31.74
92	292	353	0	20.48	-99	-30.73
93	292	354	13.33333333	20.294	13.8755102	-30.96
94	292	354	2	-99	12.16941176	-31.99
95	293	355	6	18.132	18.56678322	-32.94
96	293	355	0	-99	-99	-99
97	293	355	20	17.462	-99	-30.19
98	293	356	3.75	24.587	19.37236842	-99
99	293	356	-99	15.367	19.5493617	-31.25
100	293	356	0	25.313	11.82777778	-31.63
101	293	357	12	-99	-99	-30.22
102	293	357	-99	16.759	11.65104603	-31.64
103	293	357	9	-99	21.09850746	-31.24
104	294	358	37.71428571	25.113	14.58402062	-31.64
105	294	358	16.33333333	-99	14.5521978	-31.65
106	294	358	2.666666667	19.999	17.68324324	-31.4
107	294	359	0	16.721	-99	-31
108	294	359	5	-99	-99	-31.72
109	294	359	-99	-99	-99	-30.67
110	294	360	24.5	25.41	14.3719697	-33.04
111	294	360	12.85714286	20.372	-99	-31.29
112	294	360	3	-99	-99	-31.77
113	295	361	0	-99	-99	-99
114	295	361	17.33333333	-99	12.92139738	-32.12
115	295	361	2	18.509	-99	-31.78
116	295	362	-99	-99	-99	-99
117	295	362	9.6	15.784	21.17571429	-31.72
118	295	362	0	-99	-99	-99
119	295	363	43.84615385	20.55	-99	-31.98
120	295	363	0	17.56	17.3880597	-99
121	295	363	-99	-99	-99	-31.27
122	296	364	1	-99	-99	-99
123	296	364	12	18.806	-99	-31.24
124	296	365	10	21.988	14.13568905	-30.34
125	296	365	-99	-99	-99	-32.24
126	296	365	18	-99	23.23515358	-31.92
127	297	366	3	21.616	19.93855799	-31.49
128	297	366	12	20.448	-99	-29.94
129	297	366	-99	-99	-99	-31.4
130	297	367	0	22.178	26.71123188	-31.42
131	297	367	5	20.234	22.84848485	-32.19
132	297	367	16	21.249	16.68592814	-31.69
133	298	368	11	-99	16.18303887	-99
134	298	368	3	-99	-99	-32.41
135	298	369	27.77777778	23.915	14.0092437	-32
136	298	369	11	-99	-99	-32.26
137	298	369	0	27.094	13.5122449	-31.06
138	298	370	-99	19.008	-99	-32.61
139	298	370	-99	-99	-99	-99
140	299	371	7	22.613	17.25848375	-31.91
141	299	371	0	-99	-99	-99
142	299	371	0	-99	-99	-99
143	299	372	12	-99	15.99457831	-31.51
144	299	372	0	-99	-99	-99
145	300	373	5.714285714	19.133	14.3846473	-31.97
146	300	373	8	-99	-99	-99
147	300	373	-99	-99	-99	-99
148	300	374	9	21.395	17.55505618	-32.33
149	300	374	22	20.007	-99	-31.43
150	300	375	13.5	21.77	15.17178571	-31.58
151	300	375	35.55555556	18.719	-99	-31.08
152	301	376	3	21.718	15.4964467	-99
153	301	376	1.666666667	-99	14.5	-31.16
154	301	376	0	21.154	-99	-31
155	301	377	1	11.272	-99	-32.75
156	301	377	6	-99	-99	-99
157	302	378	0	19.024	15.62589286	-32.38
158	302	378	6.285714286	23.294	16.14845361	-31.44
159	302	378	6	-99	-99	-99
160	302	379	4.8	23.201	16.71978022	-31.77
161	302	379	-99	17.282	14.85172414	-99
162	302	379	53.42857143	24.049	11.34192708	-31.58
163	302	380	10	18.683	20.37088608	-32.7
164	302	380	35	19.125	21.99722222	-30.35
165	303	381	19	18.939	-99	-33.28
166	303	381	1	16.906	14.1984127	-32.46
167	303	381	-99	21.893	-99	-31.9
168	303	382	8	17.685	14.15053004	-32.38
169	303	382	5.714285714	24.503	17.58555556	-31.61
170	303	382	-99	-99	19.74473684	-31.94
171	303	383	0	26.686	13.04584323	-99
172	303	383	0	-99	-99	-99
173	303	383	8	-99	16.64824281	-31.64
174	304	384	22.5	20.513	-99	-32.07
175	304	384	15	-99	15.49417476	-32.66
176	304	385	0	-99	-99	-99
177	304	385	10	18.018	18.52820513	-30.34
178	304	386	12	16.547	15.17601351	-31.55
179	304	386	5	17.854	22.92866242	-31.79
180	304	386	6	-99	-99	-31.13
181	305	387	2	16.131	22.33398693	-99
182	305	387	0	14.81	17.10957854	-31.86
183	305	387	0	-99	13.21377246	-99
184	305	388	6	-99	-99	-31.99
185	305	388	-99	-99	-99	-99
186	306	389	19.63636364	19.744	15.05196998	-30.55
187	306	389	-99	-99	-99	-31.52
188	306	390	1	17.161	-99	-99
189	306	390	8	16.671	12.9622549	-31.64
190	306	390	8	18.277	14.55336538	-31.09
191	307	391	10	16.786	-99	-32.19
192	307	391	99.27272727	18.993	13.69513274	-32.05
193	307	392	11	18.992	-99	-32.78
194	307	392	0	19.35	15.23631579	-99
195	307	392	9	22.801	13.96	-31.09
196	307	393	3	15.668	21.07877095	-32.18
197	307	393	0	20.411	12.00678571	-99
198	307	393	0	-99	-99	-99
199	308	394	1	18.961	15.15154062	-99
200	308	394	4	23.85	20.09655172	-31.32
201	308	395	7	18.964	13.48221024	-31.66
202	308	395	6.666666667	-99	13.84132231	-31.66
203	308	395	0	15.18	9.863380282	-99
204	308	396	10	-99	11.48350168	-32.96
205	308	396	16	14.857	-99	-32.95
206	309	397	38.5	20.201	16.32175	-32.69
207	309	397	21.71428571	19.46	12.98807692	-31.53
208	309	397	6	-99	-99	-99
209	309	398	0	18.562	16.88368056	-31.94
210	309	398	7.5	-99	-99	-31.1
211	309	398	12	18.997	-99	-31.38
212	309	399	1.666666667	19.796	-99	-32.02
213	309	399	10.5	-99	14.69902913	-32.12
214	309	399	6	22.107	16.14146341	-30.67
215	310	400	11	19.486	-99	-32.13
216	310	400	0	15.844	14.74148936	-32.12
217	310	400	6	17.735	15.72362205	-32.59
218	310	401	9.8	20.646	-99	-31.87
219	310	401	28	18.607	16.14385246	-32.41
220	310	402	33.25	15.241	13.09378882	-99
221	311	403	1.333333333	-99	-99	-99
222	311	403	4	23.121	11.10195531	-31.58
223	311	403	10.66666667	18.644	16.39871795	-32.24
224	311	404	20	20.348	15.71875	-31.89
225	311	404	0	20.519	14.01181435	-32.34
226	311	404	0	14.587	-99	-99
227	311	405	4	13.482	10.67657993	-31.7
228	311	405	0	-99	-99	-30.88
229	311	405	4	-99	-99	-99
230	312	406	4	17.503	-99	-33.49
231	312	406	97.64705882	-99	16.12889391	-32.45
232	312	406	87.08333333	20.731	20.21626506	-31.4
233	312	407	20	-99	13.77816901	-31.3
234	312	407	5	18.995	14.64774194	-31.08
235	312	407	-99	19.176	17.86887417	-31.19
236	313	408	4	15.261	16.04603175	-31.88
237	313	408	11.66666667	19.61	18.40437956	-31.6
238	313	408	22.5	-99	-99	-31.69
239	313	409	6	-99	-99	-32.52
240	313	409	31.36363636	16.697	17.80682415	-30.58
241	313	410	8	-99	-99	-31.9
242	313	410	-99	-99	-99	-31.7
243	313	410	-99	-99	14.14819277	-31.69
244	314	411	2	16.678	23.05074627	-32.11
245	314	411	0	22.612	13.11153846	-99
246	314	411	6.666666667	-99	-99	-32.6
247	314	412	0	-99	-99	-99
248	314	412	12.5	17.064	-99	-31.73
249	314	412	3	19.763	10.81104972	-99
250	314	413	-99	-99	-99	-30.19
251	314	413	-99	16.085	-99	-31.42
252	315	414	1	18.259	-99	-32.14
253	315	414	3.2	-99	-99	-32.22
254	315	414	-99	14.788	-99	-99
255	315	415	0	25.027	12.48903226	-31.42
256	315	415	0	19.38	17.46330275	-99
257	316	416	4	-99	-99	-32.68
258	316	416	4	-99	-99	-31.1
259	316	416	16	18.166	-99	-31.67
260	316	417	12	18.403	16.51058824	-99
261	316	417	13	20.692	-99	-32.84
262	316	418	1	17.917	13.75581395	-32.54
263	316	418	0	19.179	15.32335329	-99
264	317	419	0	-99	-99	-99
265	317	419	2.5	21.874	-99	-32.51
266	317	420	10	25.132	13.54701493	-32.03
267	317	420	2	-99	17.52539683	-31.73
268	317	420	-99	-99	-99	-30.69
269	317	421	27	18.076	27.17874396	-31.63
270	317	421	12.6	21.645	-99	-31.01
271	318	422	-99	18.593	13.22319392	-31.24
272	318	422	12	-99	-99	-31.35
273	318	422	15	15.641	-99	-31.42
274	318	423	36	-99	10.13514286	-32.48
275	318	423	0	-99	14.64516129	-32.56
276	318	423	2.333333333	12.008	-99	-31.51
277	318	424	11	-99	16.79212598	-32.67
278	318	424	5	15.445	-99	-31.2
279	0	0	-99	-99	-99	-99
280	0	0	-99	-99	-99	-99
281	0	0	-99	-99	-99	-99
282	0	0	-99	-99	-99	-99
283	0	0	-99	-99	-99	-99
284	0	0	-99	-99	-99	-99
285	0	0	-99	-99	-99	-99
286	0	0	-99	-99	-99	-99
287	0	0	-99	-99	-99	-99
288	0	0	-99	-99	-99	-99
289	0	0	-99	-99	-99	-99
290	0	0	-99	-99	-99	-99
291	0	0	-99	-99	-99	-99
292	0	0	-99	-99	-99	-99
293	0	0	-99	-99	-99	-99
294	0	0	-99	-99	-99	-99
295	0	0	-99	-99	-99	-99
296	0	0	-99	-99	-99	-99
297	0	0	-99	-99	-99	-99
298	0	0	-99	-99	-99	-99
299	0	0	-99	-99	-99	-99
300	0	0	-99	-99	-99	-99
301	0	0	-99	-99	-99	-99
302	0	0	-99	-99	-99	-99
303	0	0	-99	-99	-99	-99
304	0	0	-99	-99	-99	-99
305	0	0	-99	-99	-99	-99
306	0	0	-99	-99	-99	-99
307	0	0	-99	-99	-99	-99
308	0	0	-99	-99	-99	-99
309	0	0	-99	-99	-99	-99
310	0	0	-99	-99	-99	-99
311	0	0	-99	-99	-99	-99
312	0	0	-99	-99	-99	-99
313	0	0	-99	-99	-99	-99
314	0	0	-99	-99	-99	-99
315	0	0	-99	-99	-99	-99
316	0	0	-99	-99	-99	-99
317	0	0	-99	-99	-99	-99
318	0	0	-99	-99	-99	-99
319	0	0	-99	-99	-99	-99
320	0	0	-99	-99	-99	-99
321	0	0	-99	-99	-99	-99
322	0	0	-99	-99	-99	-99
323	0	0	-99	-99	-99	-99
324	0	0	-99	-99	-99	-99
325	0	0	-99	-99	-99	-99
326	0	0	-99	-99	-99	-99
327	0	0	-99	-99	-99	-99
328	0	0	-99	-99	-99	-99
329	0	0	-99	-99	-99	-99
330	0	0	-99	-99	-99	-99
331	0	0	-99	-99	-99	-99
332	0	0	-99	-99	-99	-99
333	0	0	-99	-99	-99	-99
334	0	0	-99	-99	-99	-99
335	0	0	-99	-99	-99	-99
336	0	0	-99	-99	-99	-99
337	0	0	-99	-99	-99	-99
338	0	0	-99	-99	-99	-99
339	0	0	-99	-99	-99	-99
340	0	0	-99	-99	-99	-99
341	0	0	-99	-99	-99	-99
342	0	0	-99	-99	-99	-99
343	0	0	-99	-99	-99	-99
344	0	0	-99	-99	-99	-99
345	0	0	-99	-99	-99	-99
346	0	0	-99	-99	-99	-99
347	0	0	-99	-99	-99	-99
348	0	0	-99	-99	-99	-99
349	0	0	-99	-99	-99	-99
350	0	0	-99	-99	-99	-99
351	0	0	-99	-99	-99	-99
352	0	0	-99	-99	-99	-99
353	0	0	-99	-99	-99	-99
354	0	0	-99	-99	-99	-99
355	0	0	-99	-99	-99	-99
356	0	0	-99	-99	-99	-99
357	0	0	-99	-99	-99	-99
358	0	0	-99	-99	-99	-99
359	0	0	-99	-99	-99	-99
360	0	0	-99	-99	-99	-99
361	0	0	-99	-99	-99	-99
362	0	0	-99	-99	-99	-99
363	0	0	-99	-99	-99	-99
364	0	0	-99	-99	-99	-99
365	0	0	-99	-99	-99	-99
366	0	0	-99	-99	-99	-99
367	0	0	-99	-99	-99	-99
368	0	0	-99	-99	-99	-99
369	0	0	-99	-99	-99	-99
370	0	0	-99	-99	-99	-99
371	0	0	-99	-99	-99	-99
372	0	0	-99	-99	-99	-99
373	0	0	-99	-99	-99	-99
374	0	0	-99	-99	-99	-99
375	0	0	-99	-99	-99	-99
376	0	0	-99	-99	-99	-99
377	0	0	-99	-99	-99	-99
378	0	0	-99	-99	-99	-99
379	0	0	-99	-99	-99	-99
380	0	0	-99	-99	-99	-99
381	0	0	-99	-99	-99	-99
382	0	0	-99	-99	-99	-99
383	0	0	-99	-99	-99	-99
384	0	0	-99	-99	-99	-99
385	0	0	-99	-99	-99	-99
386	0	0	-99	-99	-99	-99
387	0	0	-99	-99	-99	-99
388	0	0	-99	-99	-99	-99
389	0	0	-99	-99	-99	-99
390	0	0	-99	-99	-99	-99
391	0	0	-99	-99	-99	-99
392	0	0	-99	-99	-99	-99
393	0	0	-99	-99	-99	-99
394	0	0	-99	-99	-99	-99
395	0	0	-99	-99	-99	-99
396	0	0	-99	-99	-99	-99
397	0	0	-99	-99	-99	-99
398	0	0	-99	-99	-99	-99
399	0	0	-99	-99	-99	-99
400	0	0	-99	-99	-99	-99
401	0	0	-99	-99	-99	-99
402	0	0	-99	-99	-99	-99
403	0	0	-99	-99	-99	-99
404	0	0	-99	-99	-99	-99
405	0	0	-99	-99	-99	-99
406	0	0	-99	-99	-99	-99
407	0	0	-99	-99	-99	-99
408	0	0	-99	-99	-99	-99
409	0	0	-99	-99	-99	-99
410	0	0	-99	-99	-99	-99
411	0	0	-99	-99	-99	-99
412	0	0	-99	-99	-99	-99
413	0	0	-99	-99	-99	-99
414	0	0	-99	-99	-99	-99
415	0	0	-99	-99	-99	-99
416	0	0	-99	-99	-99	-99
417	0	0	-99	-99	-99	-99
418	0	0	-99	-99	-99	-99
419	0	0	-99	-99	-99	-99
420	0	0	-99	-99	-99	-99
421	0	0	-99	-99	-99	-99
422	0	0	-99	-99	-99	-99
423	0	0	-99	-99	-99	-99
424	0	0	-99	-99	-99	-99
0						