2 4 0 1 0  
0      
1 391 437 0 -99 -99 -30.12
2 391 437 1.528989097 20.161 16.69818182 -29.41
3 391 438 1.349108027 21.062 22.23463203 -27.39
4 391 437 0.5396432108 20.914 24.37785714 -32.61
5 391 439 0.3597621405 23.687 -99 -30.14
6 391 439 0.2698216054 -99 20.33478261 -99
7 391 438 0.5246531216 21.442 14.59453552 -30.01
8 391 439 1.558969275 25.46 -99 -29.74
9 391 438 0.3597621405 17.913 21.55434783 -29.59
10 392 440 0.1124256689 22.956 -99 -30.38
11 392 440 2.638255697 -99 17.70967742 -30.39
12 392 441 1.573959365 21.173 -99 -31.18
13 392 442 0 26.689 -99 -30.21
14 392 440 0 21.407 -99 -99
15 392 442 0.3597621405 19.246 -99 -99
16 393 443 0.4497026756 22.079 18.30147783 -99
17 393 443 0 -99 -99 -99
18 393 444 0.4047324081 -99 17.45 -31.72
19 393 443 -99 22.936 19.56071429 -99
20 393 445 0 23.004 21.69176471 -99
21 393 444 1.888751238 20.087 -99 -30.98
22 393 445 1.618929632 22.832 -99 -31.42
23 393 444 0.411156732 22.317 -99 -30.48
24 394 446 0 25.136 18.96627907 -29.47
25 394 447 0.2698216054 20.534 16.37397959 -99
26 394 446 0.8994053513 25.535 -99 -29.87
27 394 446 -99 -99 21.51132075 -29.03
28 394 448 0 19.598 -99 -30.86
29 394 447 1.259167492 20.685 24.64308943 -30.23
30 394 448 1.177403369 22.242 -99 -99
31 394 448 -99 24.347 -99 -30.15
32 394 447 -99 -99 -99 -99
33 395 449 0 22.911 19.62531646 -31.6
34 395 450 0.5396432108 26.234 -99 -31.03
35 395 450 0 -99 13.81504065 -99
36 395 451 0.1798810703 23.589 -99 -99
37 395 451 1.315380326 25.414 -99 -30.56
38 395 449 1.079286422 17.496 -99 -29.9
39 395 449 1.783820613 23.646 -99 -30.08
40 395 450 1.169226957 23.348 17.0729443 -30.27
41 395 451 0.8094648162 -99 -99 -29.29
42 396 452 0 22.549 -99 -99
43 396 453 0.6745540135 -99 -99 -30.35
44 396 452 0.2698216054 27.365 -99 -29.26
45 396 452 0 25.627 24.58951049 -31.68
46 396 453 0.4497026756 24.316 23.79307692 -30.86
47 396 453 0 25.303 -99 -99
48 396 454 0.2698216054 23.111 -99 -30.06
49 396 454 2.158572843 23.67 17.00041667 -99
50 396 454 0 22.47 -99 -30.74
51 397 455 0.5756194248 25.819 -99 -31.1
52 397 455 0 -99 18.98633094 -99
53 397 456 0 27.209 21.1125 -99
54 397 457 8.462586714 28.931 -99 -31
55 397 457 -99 17.761 16.57231638 -99
56 397 456 0 24.494 16.5152439 -28.18
57 397 456 0 22.427 -99 -29.91
58 397 455 0.1798810703 19.745 18.76381579 -30.39
59 397 457 -99 -99 -99 -30.98
60 398 458 0.6295837459 18.552 -99 -99
61 398 459 -99 27.173 -99 -30.62
62 398 458 1.387653971 26.042 18.2556391 -30.16
63 398 458 -99 -99 -99 -31.11
64 398 459 0.08994053513 21.981 23.23082707 -99
65 398 460 0.3597621405 23.716 -99 -30.06
66 398 460 3.453716549 21.209 -99 -29.75
67 398 460 1.618929632 -99 18.64171429 -30.41
68 399 461 0.719524281 26.646 20.06306306 -31.32
69 399 462 0.2698216054 27.629 -99 -30.27
70 399 463 1.978691773 26.185 16.57641509 -30.72
71 399 462 2.705134557 23.567 -99 -29.29
72 399 462 0.9893458864 22.513 -99 -30.39
73 399 461 0.719524281 -99 20.24913793 -31.34
74 399 461 0.5396432108 24.379 26.83928571 -30.57
75 399 463 3.867443011 23.999 20.06134969 -29.64
76 399 463 1.079286422 -99 -99 -99
77 400 464 0.8094648162 21.495 18.55526316 -30.89
78 400 465 0.08994053513 20.934 17.70967742 -30.61
79 400 466 0.2698216054 22.224 15.41414474 -99
80 400 466 1.079286422 17.474 14.06192308 -31.9
81 400 464 6.124522154 20.623 -99 -30.82
82 400 466 -99 -99 -99 -99
83 400 464 0 27.212 19.56009174 -29.52
84 400 465 0.08994053513 20.19 13.86942149 -29.82
85 400 465 -99 -99 -99 -29.97
86 401 467 -99 22.754 19.04196429 -31.83
87 401 467 2.428394448 24.325 19.35714286 -29.78
88 401 468 0.5396432108 21.454 -99 -30.39
89 401 468 0.2923067392 20.104 20.58617021 -30.49
90 401 469 1.798810703 22.253 -99 -30.68
91 401 469 0 20.145 -99 -99
92 401 468 0 25.888 -99 -30.03
93 401 469 4.571095432 22.458 -99 -30.21
94 401 467 3.497687477 25.405 -99 -30.92
95 402 470 0 -99 -99 -29.6
96 402 471 0 -99 -99 -99
97 402 472 7.811977909 24.097 17.5297619 -99
98 402 472 0 23.398 -99 -31.37
99 402 470 0.9893458864 22.001 -99 -28.48
100 402 470 0.5396432108 24.931 -99 -29.39
101 402 471 0.2698216054 21.65 -99 -30.38
102 402 471 0 -99 -99 -99
103 402 472 0 -99 -99 -99
104 403 473 1.618929632 23.004 19.47887324 -31.51
105 403 473 0.3597621405 24.026 20.99251101 -31.62
106 403 474 0.3777502475 25.469 -99 -99
107 403 475 2.968037659 27.067 -99 -30.88
108 403 474 0.1124256689 -99 17.06730361 -29.72
109 403 474 -99 19.148 17.09937888 -99
110 403 475 0.9893458864 21.037 -99 -30.15
111 403 473 0 -99 -99 -99
112 403 475 -99 17.747 -99 -31.29
113 404 476 -99 27.383 -99 -99
114 404 477 1.439048562 25.428 -99 -29.3
115 404 478 0.2698216054 21.412 -99 -30.89
116 404 477 2.968037659 -99 -99 -30.95
117 404 476 3.627601583 31.04 14.98204082 -30.31
118 404 478 0 22.535 -99 -31.66
119 404 477 0.6295837459 23.442 -99 -30.85
120 404 476 0.8634291372 24.053 17.456 -31.15
121 405 479 0.1349108027 -99 -99 -31.27
122 405 480 0 25.603 19.60331754 -30.61
123 405 480 0.6745540135 21.702 -99 -30.57
124 405 481 0 19.978 -99 -30.01
125 405 481 0.719524281 -99 -99 -99
126 405 479 2.826702533 24.348 15.46571429 -30.56
127 406 482 0.8994053513 20.581 -99 -31.45
128 406 483 0.08994053513 21.634 -99 -99
129 406 484 0 25.105 -99 -29.75
130 406 483 8.229558964 25.902 20.1424581 -29.79
131 406 484 1.259167492 21.729 -99 -30.18
132 406 484 0 25.186 -99 -99
133 406 482 0 20.831 16.08095238 -29.99
134 406 482 0 -99 18.83020833 -99
135 406 483 0.719524281 25.402 -99 -31.32
136 407 485 1.558969275 21.14 20.46641221 -30.28
137 407 486 0 -99 15.99134199 -99
138 407 486 1.798810703 28.344 -99 -30.4
139 407 486 1.079286422 -99 20.44790419 -30.45
140 407 487 0.2248513378 24.379 17.7155914 -29.97
141 407 485 0.5396432108 20.531 21.87435897 -29.72
142 407 485 0.4497026756 20.373 -99 -28.78
143 407 487 0.8094648162 -99 -99 -29.56
144 407 487 0 -99 -99 -30.6
145 408 488 0 23.428 -99 -99
146 408 489 -99 -99 22.92761194 -30.78
147 408 488 0.6295837459 28.973 20.14329268 -30.91
148 408 490 2.014667987 24.539 -99 -30.98
149 408 489 1.062933597 20.163 -99 -30.72
150 408 489 0 20.545 -99 -99
151 408 488 2.428394448 22.871 -99 -31.4
152 408 490 1.15123885 17.129 18.03505155 -31.48
153 408 490 0.8994053513 20.115 17.0005102 -31.1
154 409 491 -99 -99 -99 -30.98
155 409 491 0.08994053513 20.864 23.8040404 -99
156 409 492 -99 -99 21.15 -99
157 409 493 0.5396432108 -99 -99 -31.17
158 409 493 -99 -99 15.04391892 -99
159 409 492 2.143582754 24.761 17.14612546 -30.51
160 409 491 0.08994053513 21.573 -99 -30.73
161 409 493 0 19.51 -99 -29.46
162 409 492 0.9251026474 18.282 -99 -30.77
163 410 494 0 -99 -99 -31.1
164 410 494 1.169226957 24.446 -99 -31.05
165 410 495 0 -99 -99 -99
166 410 495 -99 -99 19.89821429 -31.87
167 410 496 -99 -99 -99 -99
168 410 496 0 28.52 18.89444444 -99
169 410 495 0.719524281 23.131 -99 -31.03
170 411 497 0 25.889 22.23333333 -99
171 411 498 0 -99 18.30921986 -99
172 411 498 0.3597621405 -99 -99 -31.75
173 411 498 1.798810703 22.42 -99 -30.96
174 411 499 0 -99 -99 -30.92
175 411 499 1.259167492 -99 17.01153846 -29.49
176 411 497 1.618929632 20.18 -99 -31.09
177 411 499 0 20.558 15.32444444 -30.44
178 411 497 0 -99 -99 -30.54
179 412 500 0 20.876 16.26383929 -30.79
180 412 501 2.518334984 23.076 -99 -30.38
181 412 500 -99 19.526 23.53012422 -99
182 412 500 3.057978194 21.156 16.98612717 -30.18
183 412 501 0 21.889 -99 -99
184 412 502 0.8094648162 20.88 -99 -30.61
185 412 502 0 -99 -99 -99
186 412 502 6.745540135 23.923 -99 -29.52
187 412 501 2.158572843 22.913 13.75031056 -29.83
188 413 503 0 -99 17.85142857 -99
189 413 503 0.08994053513 -99 18.23095238 -99
190 413 504 0.8094648162 21.739 -99 -99
191 413 503 0.719524281 -99 15.9016129 -32
192 413 505 0.5396432108 -99 -99 -30.74
193 413 505 0 16.647 -99 -32.04
194 413 505 0.08994053513 27.038 -99 -30.26
195 413 504 -99 -99 -99 -30.73
196 413 504 -99 -99 -99 -30.53
197 414 506 -99 23.572 -99 -31.3
198 414 506 1.618929632 21.313 -99 -31.74
199 414 507 1.124256689 21.088 16.17667845 -31.35
200 414 508 0 -99 -99 -99
201 414 507 0.5396432108 22.958 -99 -30.74
202 414 508 0.1798810703 21.139 -99 -30.71
203 414 508 0.8994053513 -99 -99 -30.83
204 414 506 1.079286422 22.279 18.50505051 -31.07
205 414 507 -99 20.977 -99 -30.22
206 415 509 -99 21.997 -99 -99
207 415 510 0.719524281 -99 -99 -99
208 416 511 -99 27.567 12.82031873 -31.22
209 416 512 -99 -99 17.97444934 -30.92
210 416 512 0 -99 18.62407407 -99
211 416 511 0.2698216054 18.889 -99 -29.64
212 416 513 2.734192268 21.089 -99 -29.83
213 416 513 0 22.119 21.3358885 -31.1
214 416 512 0.7555004951 16.955 -99 -30.87
215 416 513 6.066897915 22.033 18.24640884 -30.62
216 417 514 0 19.92 18.21181435 -31.68
217 417 514 0.3597621405 -99 20.24019608 -99
218 417 515 0.2698216054 -99 -99 -30.17
219 417 516 0 20.266 22.59454545 -99
220 417 515 -99 -99 -99 -30.49
221 417 515 0.6295837459 -99 -99 -99
222 417 516 0.1349108027 -99 -99 -31.08
223 417 516 0.5396432108 27.68 24.90224719 -29.52
224 418 517 1.708870167 -99 -99 -99
225 418 518 12.69388007 21.375 -99 -29.21
226 418 519 1.079286422 22.995 -99 -30.91
227 418 518 0.2698216054 -99 19.06104418 -28.19
228 418 519 -99 -99 -99 -30.06
229 418 517 0 -99 -99 -99
230 418 518 0 -99 -99 -30.18
231 418 517 0.3597621405 17.78 16.79153846 -29.34
232 419 520 0.08994053513 -99 21.21130435 -30.36
233 419 521 2.558308554 24.029 14.64532374 -29.06
234 419 522 0 -99 -99 -99
235 419 520 0.4047324081 19.437 17.01729323 -31.11
236 419 522 0.1798810703 18.297 -99 -99
237 419 521 0 22.294 17.3132948 -99
238 419 522 0 15.311 -99 -99
239 419 520 0.8994053513 18.145 16.97 -30.85
240 420 523 0.5396432108 20.508 29.30540541 -30.82
241 420 524 2.266501485 28.946 -99 -30.2
242 420 525 0 24.827 -99 -30.39
243 420 523 0 25.989 -99 -31.09
244 420 525 -99 -99 15.42894737 -30.67
245 420 524 0.2698216054 22.064 -99 -29.33
246 420 524 0.2698216054 -99 19.51770833 -30.53
247 420 525 0 21.798 14.43071895 -99
248 420 523 0.3597621405 24.978 15.73297872 -31.3
249 421 526 0 20.186 24.25 -30.04
250 421 527 0.8094648162 -99 -99 -29.82
251 421 527 0.08994053513 25.158 24.46296296 -30.43
252 421 528 0.3597621405 -99 17.90625 -99
253 421 526 -99 23.09 -99 -99
254 421 528 0 18.337 -99 -28.08
255 421 528 0 18.504 14.43535354 -29.6
256 421 526 0.3597621405 -99 -99 -30.02
257 421 527 0.8094648162 25.191 21.13201581 -29.88
258 422 529 0.3597621405 23.189 -99 -30.51
259 422 530 0.7555004951 24.291 25.84666667 -29.9
260 422 530 0.7495044594 -99 21.02992701 -29.71
261 422 529 3.237859265 23.043 16.44394904 -29.49
262 422 531 0 22.592 -99 -30.33
263 422 529 0 26.561 -99 -30.29
264 422 531 0.8994053513 26.199 -99 -29.36
265 422 530 0.5396432108 17.212 -99 -31.56
266 422 531 -99 -99 -99 -99
267 423 532 0.8094648162 26.634 20.25837838 -31.9
268 423 533 2.014667987 20.971 17.94155844 -99
269 423 534 0.6780132648 26.116 17.23457249 -29.59
270 423 532 0.1798810703 -99 -99 -30.36
271 423 534 0.6295837459 21.12 17.6356 -30.74
272 423 533 0.5396432108 -99 17.80404624 -30.06
273 423 532 2.698216054 21.208 -99 -30.22
274 423 534 0 21.152 -99 -31.11
275 423 533 1.259167492 19.902 23.51879699 -31.49
276 424 535 0 22.326 16.67172414 -30.73
277 424 535 0 -99 -99 -99
278 424 535 0 -99 19.62200772 -30.35
279 424 536 0.7869796824 23.441 23.76763006 -30.87
280 424 537 0.5996035676 24.285 -99 -30.19
281 424 537 3.759514368 26.063 -99 -30.54
282 424 536 4.047324081 23.904 20.92307692 -29.91
283 424 536 2.125867194 23.169 -99 -29.32
284 424 537 0.3597621405 21.285 -99 -30.28
285 425 538 0.1798810703 23.15 15.16696833 -99
286 425 539 0 24.252 -99 -99
287 425 539 1.049306243 24.01 17.63451777 -31.29
288 425 538 1.918731416 30.127 -99 -30.65
289 425 540 0.2698216054 24.074 -99 -30.02
290 425 538 0.1798810703 21.358 -99 -29.84
291 425 540 0 15.434 -99 -99
292 425 539 0.719524281 23.388 25.03735409 -99
293 425 540 0 27.237 16.62269504 -29.55
294 426 541 0 25.859 19.2137931 -31.01
295 426 541 0 -99 -99 -99
296 426 542 0.3597621405 32.842 25.13902439 -30.43
297 426 542 0.8094648162 -99 21.70449438 -31.24
298 426 543 4.407086221 24.603 -99 -30.19
299 426 541 7.724304782 -99 14.00757098 -29.61
300 426 542 1.573959365 25.467 23.74439252 -30.47
301 426 543 0 13.418 -99 -99
302 426 543 0 26.661 18.00810811 -30.3
303 427 544 0.1798810703 24.185 15.43914373 -31.15
304 427 545 0.5996035676 22.567 18.64358974 -30.2
305 427 545 1.349108027 20.155 -99 -29.4
306 427 546 1.439048562 23.815 19.06692913 -28.78
307 427 546 -99 -99 18.16901408 -30.54
308 427 544 0 15.215 21.62272727 -99
309 427 546 0 -99 -99 -99
310 427 545 0.3597621405 22.309 -99 -30.44
311 427 544 0 -99 -99 -30.41
312 428 547 0.1349108027 21.442 -99 -31.37
313 428 548 -99 -99 -99 -29.92
314 428 548 0.8094648162 29.345 18.3164557 -30.3
315 428 547 0 21.84 19.02222222 -30.34
316 428 549 0 24.737 -99 -99
317 428 549 0.2698216054 -99 -99 -31.02
318 428 547 0.5396432108 24.79 18.34444444 -30.48
319 428 549 0.2698216054 27.765 -99 -30.69
320 428 548 0 25.581 -99 -99
321 429 550 0 22.24 21.45416667 -99
322 429 551 1.124256689 -99 22.01485149 -30.25
323 429 550 2.050644201 21.229 13.44578313 -30.96
324 429 552 0.2698216054 23.32 -99 -32.04
325 429 552 0.08994053513 -99 19.17318841 -99
326 429 550 1.349108027 25.274 -99 -31.47
327 429 551 0.3597621405 25.485 -99 -29.97
328 429 552 0.4497026756 -99 20.04714286 -30.64
329 429 551 -99 -99 15.15694444 -31.44
330 430 553 0.08994053513 20.646 21.29176471 -99
331 430 554 1.558969275 -99 18.5383378 -31.56
332 430 554 3.710047074 23.404 -99 -30
333 430 555 6.194654357 -99 17.286 -29.61
334 430 555 1.124256689 -99 -99 -30.98
335 430 553 1.169226957 22.443 -99 -30.69
336 430 554 1.678889989 22.165 16.27075472 -31.38
337 430 553 1.259167492 24.239 -99 -30.32
338 430 555 2.158572843 20.983 -99 -30
339 431 556 0.1798810703 24.547 17.27222222 -30.93
340 431 557 -99 -99 -99 -30.6
341 431 558 6.295837459 22.56 17.95915493 -30.76
342 431 557 2.098612486 -99 19.14816754 -99
343 431 556 0 22.496 -99 -99
344 431 556 0.8094648162 20.862 11.80618557 -30.37
345 431 558 0.4497026756 -99 -99 -31.66
346 431 558 2.068632308 23.265 -99 -30.61
347 432 559 1.918731416 24.15 18.93412073 -29.89
348 432 560 0.3597621405 25.794 -99 -30.81
349 432 559 0.1798810703 -99 19.11703704 -99
350 432 560 1.319127849 -99 19.30170213 -30.92
351 432 561 1.349108027 -99 21.76585366 -30.11
352 432 560 3.237859265 21.239 19.83473054 -30.73
353 432 559 0.3597621405 24.502 22.11057692 -30.56
354 432 561 2.266501485 23.551 -99 -28.85
355 432 561 0.719524281 22.583 23.5184466 -30.3
356 433 562 2.088619093 22.898 17.54454976 -30
357 433 563 1.349108027 27.091 20.37653061 -30.38
358 433 564 0.2698216054 25.259 17.19390244 -99
359 433 563 1.01183102 -99 -99 -30.9
360 433 562 2.158572843 23.536 19.1185567 -31.11
361 433 562 3.399752228 21.059 17.08148148 -29
362 433 564 -99 24.43 26.42786885 -29.87
363 433 563 0.719524281 23.11 -99 -30.29
364 433 564 -99 -99 -99 -99
365 434 565 0 22.406 -99 -99
366 434 566 0.6295837459 24.752 19.36105263 -32.16
367 434 565 -99 -99 -99 -31.67
368 434 567 -99 -99 -99 -99
369 434 567 1.798810703 -99 -99 -30.62
370 434 565 0 28.134 -99 -99
371 434 566 0 20.653 20.55813953 -30.72
372 434 566 0 17.597 -99 -99
373 435 568 0 27.231 22.22702703 -99
374 435 569 5.494549055 21.011 18.184689 -29.89
375 435 570 3.357779978 24.389 17.84268293 -29.47
376 435 569 1.439048562 24.257 -99 -29.89
377 435 570 1.214197224 20.921 -99 -30.4
378 435 569 0.08994053513 24.134 -99 -31.17
379 435 568 0 12.933 -99 -99
380 435 568 0.1798810703 -99 -99 -29.95
381 435 570 1.644626928 21.572 17.03441558 -30.33
382 436 571 0 19.563 17.89126506 -29.88
383 436 572 2.770168482 19.894 27.085 -30.91
384 436 572 1.439048562 -99 -99 -30.82
385 436 571 2.698216054 25.054 -99 -30.01
386 436 573 2.869920712 -99 20.82214286 -30.67
387 436 572 0.3597621405 27.553 -99 -30.79
388 436 573 0.5396432108 21.53 -99 -30.67
389 436 571 -99 -99 -99 -30.88
390 436 573 0 20.276 -99 -99
391 0 0 -99 -99 -99 -99
392 0 0 -99 -99 -99 -99
393 0 0 -99 -99 -99 -99
394 0 0 -99 -99 -99 -99
395 0 0 -99 -99 -99 -99
396 0 0 -99 -99 -99 -99
397 0 0 -99 -99 -99 -99
398 0 0 -99 -99 -99 -99
399 0 0 -99 -99 -99 -99
400 0 0 -99 -99 -99 -99
401 0 0 -99 -99 -99 -99
402 0 0 -99 -99 -99 -99
403 0 0 -99 -99 -99 -99
404 0 0 -99 -99 -99 -99
405 0 0 -99 -99 -99 -99
406 0 0 -99 -99 -99 -99
407 0 0 -99 -99 -99 -99
408 0 0 -99 -99 -99 -99
409 0 0 -99 -99 -99 -99
410 0 0 -99 -99 -99 -99
411 0 0 -99 -99 -99 -99
412 0 0 -99 -99 -99 -99
413 0 0 -99 -99 -99 -99
414 0 0 -99 -99 -99 -99
415 0 0 -99 -99 -99 -99
416 0 0 -99 -99 -99 -99
417 0 0 -99 -99 -99 -99
418 0 0 -99 -99 -99 -99
419 0 0 -99 -99 -99 -99
420 0 0 -99 -99 -99 -99
421 0 0 -99 -99 -99 -99
422 0 0 -99 -99 -99 -99
423 0 0 -99 -99 -99 -99
424 0 0 -99 -99 -99 -99
425 0 0 -99 -99 -99 -99
426 0 0 -99 -99 -99 -99
427 0 0 -99 -99 -99 -99
428 0 0 -99 -99 -99 -99
429 0 0 -99 -99 -99 -99
430 0 0 -99 -99 -99 -99
431 0 0 -99 -99 -99 -99
432 0 0 -99 -99 -99 -99
433 0 0 -99 -99 -99 -99
434 0 0 -99 -99 -99 -99
435 0 0 -99 -99 -99 -99
436 0 0 -99 -99 -99 -99
437 0 0 -99 -99 -99 -99
438 0 0 -99 -99 -99 -99
439 0 0 -99 -99 -99 -99
440 0 0 -99 -99 -99 -99
441 0 0 -99 -99 -99 -99
442 0 0 -99 -99 -99 -99
443 0 0 -99 -99 -99 -99
444 0 0 -99 -99 -99 -99
445 0 0 -99 -99 -99 -99
446 0 0 -99 -99 -99 -99
447 0 0 -99 -99 -99 -99
448 0 0 -99 -99 -99 -99
449 0 0 -99 -99 -99 -99
450 0 0 -99 -99 -99 -99
451 0 0 -99 -99 -99 -99
452 0 0 -99 -99 -99 -99
453 0 0 -99 -99 -99 -99
454 0 0 -99 -99 -99 -99
455 0 0 -99 -99 -99 -99
456 0 0 -99 -99 -99 -99
457 0 0 -99 -99 -99 -99
458 0 0 -99 -99 -99 -99
459 0 0 -99 -99 -99 -99
460 0 0 -99 -99 -99 -99
461 0 0 -99 -99 -99 -99
462 0 0 -99 -99 -99 -99
463 0 0 -99 -99 -99 -99
464 0 0 -99 -99 -99 -99
465 0 0 -99 -99 -99 -99
466 0 0 -99 -99 -99 -99
467 0 0 -99 -99 -99 -99
468 0 0 -99 -99 -99 -99
469 0 0 -99 -99 -99 -99
470 0 0 -99 -99 -99 -99
471 0 0 -99 -99 -99 -99
472 0 0 -99 -99 -99 -99
473 0 0 -99 -99 -99 -99
474 0 0 -99 -99 -99 -99
475 0 0 -99 -99 -99 -99
476 0 0 -99 -99 -99 -99
477 0 0 -99 -99 -99 -99
478 0 0 -99 -99 -99 -99
479 0 0 -99 -99 -99 -99
480 0 0 -99 -99 -99 -99
481 0 0 -99 -99 -99 -99
482 0 0 -99 -99 -99 -99
483 0 0 -99 -99 -99 -99
484 0 0 -99 -99 -99 -99
485 0 0 -99 -99 -99 -99
486 0 0 -99 -99 -99 -99
487 0 0 -99 -99 -99 -99
488 0 0 -99 -99 -99 -99
489 0 0 -99 -99 -99 -99
490 0 0 -99 -99 -99 -99
491 0 0 -99 -99 -99 -99
492 0 0 -99 -99 -99 -99
493 0 0 -99 -99 -99 -99
494 0 0 -99 -99 -99 -99
495 0 0 -99 -99 -99 -99
496 0 0 -99 -99 -99 -99
497 0 0 -99 -99 -99 -99
498 0 0 -99 -99 -99 -99
499 0 0 -99 -99 -99 -99
500 0 0 -99 -99 -99 -99
501 0 0 -99 -99 -99 -99
502 0 0 -99 -99 -99 -99
503 0 0 -99 -99 -99 -99
504 0 0 -99 -99 -99 -99
505 0 0 -99 -99 -99 -99
506 0 0 -99 -99 -99 -99
507 0 0 -99 -99 -99 -99
508 0 0 -99 -99 -99 -99
509 0 0 -99 -99 -99 -99
510 0 0 -99 -99 -99 -99
511 0 0 -99 -99 -99 -99
512 0 0 -99 -99 -99 -99
513 0 0 -99 -99 -99 -99
514 0 0 -99 -99 -99 -99
515 0 0 -99 -99 -99 -99
516 0 0 -99 -99 -99 -99
517 0 0 -99 -99 -99 -99
518 0 0 -99 -99 -99 -99
519 0 0 -99 -99 -99 -99
520 0 0 -99 -99 -99 -99
521 0 0 -99 -99 -99 -99
522 0 0 -99 -99 -99 -99
523 0 0 -99 -99 -99 -99
524 0 0 -99 -99 -99 -99
525 0 0 -99 -99 -99 -99
526 0 0 -99 -99 -99 -99
527 0 0 -99 -99 -99 -99
528 0 0 -99 -99 -99 -99
529 0 0 -99 -99 -99 -99
530 0 0 -99 -99 -99 -99
531 0 0 -99 -99 -99 -99
532 0 0 -99 -99 -99 -99
533 0 0 -99 -99 -99 -99
534 0 0 -99 -99 -99 -99
535 0 0 -99 -99 -99 -99
536 0 0 -99 -99 -99 -99
537 0 0 -99 -99 -99 -99
538 0 0 -99 -99 -99 -99
539 0 0 -99 -99 -99 -99
540 0 0 -99 -99 -99 -99
541 0 0 -99 -99 -99 -99
542 0 0 -99 -99 -99 -99
543 0 0 -99 -99 -99 -99
544 0 0 -99 -99 -99 -99
545 0 0 -99 -99 -99 -99
546 0 0 -99 -99 -99 -99
547 0 0 -99 -99 -99 -99
548 0 0 -99 -99 -99 -99
549 0 0 -99 -99 -99 -99
550 0 0 -99 -99 -99 -99
551 0 0 -99 -99 -99 -99
552 0 0 -99 -99 -99 -99
553 0 0 -99 -99 -99 -99
554 0 0 -99 -99 -99 -99
555 0 0 -99 -99 -99 -99
556 0 0 -99 -99 -99 -99
557 0 0 -99 -99 -99 -99
558 0 0 -99 -99 -99 -99
559 0 0 -99 -99 -99 -99
560 0 0 -99 -99 -99 -99
561 0 0 -99 -99 -99 -99
562 0 0 -99 -99 -99 -99
563 0 0 -99 -99 -99 -99
564 0 0 -99 -99 -99 -99
565 0 0 -99 -99 -99 -99
566 0 0 -99 -99 -99 -99
567 0 0 -99 -99 -99 -99
568 0 0 -99 -99 -99 -99
569 0 0 -99 -99 -99 -99
570 0 0 -99 -99 -99 -99
571 0 0 -99 -99 -99 -99
572 0 0 -99 -99 -99 -99
573 0 0 -99 -99 -99 -99
0      