2 2 0 1 0
0    
1 170 214 1.92621174 -99
2 170 215 5.521939646 12.29382716
3 170 215 1.276844904 -99
4 171 216 0.2188876977 -99
5 171 216 0 10.89722222
6 171 217 1.313326186 -99
7 171 217 1.897026713 7.421651786
8 171 218 0.3283315465 12.87
9 171 218 0 14.32524462
10 171 216 -99 16.97291667
11 171 218 1.021475922 24.67235294
12 172 219 0.4377753954 14.68394004
13 173 220 1.641657733 -99
14 173 221 0.8755507907 19.62096774
15 173 220 0.8755507907 17.00477387
16 174 222 0.2188876977 -99
17 174 223 0 18.68231293
18 175 224 0.1094438488 15.55933014
19 176 225 0 15.24714286
20 176 226 -99 -99
21 176 227 0.1094438488 -99
22 176 227 5.909967837 13.14146341
23 176 225 0 14.45806452
24 177 228 0.6566630931 -99
25 177 229 0 15.89022801
26 177 230 0.6566630931 -99
27 177 228 0 14.66931818
28 177 229 0 -99
29 177 230 0 15.824
30 178 231 0 -99
31 178 231 0 12.77948718
32 178 231 1.422770035 10.31186813
33 179 232 0 -99
34 179 232 1.313326186 -99
35 179 233 0 12.92159091
36 179 234 0.5472192442 15.81148325
37 180 235 -99 20.87105263
38 180 235 0.3283315465 -99
39 180 236 0.4377753954 -99
40 180 236 -99 -99
41 181 237 2.188876977 -99
42 181 238 0.8755507907 9.723828921
43 181 239 1.532213884 15.37018868
44 182 240 0 -99
45 182 241 -99 11.41287879
46 182 242 1.050660949 10.97520436
47 182 240 1.422770035 15.66106195
48 183 243 0.2188876977 -99
49 183 244 0.4377753954 -99
50 183 244 0.2188876977 -99
51 183 243 0.4924973198 11.00941704
52 183 243 -99 15.8979798
53 184 245 -99 -99
54 184 245 2.489847561 14.80119048
55 184 246 0.4377753954 16.8433526
56 184 247 0.3283315465 16.61581921
57 184 247 0.5472192442 18.55849057
58 185 248 2.626652372 11.3937788
59 185 249 0 -99
60 185 248 0.4377753954 13.11054852
61 185 248 5.515969982 -99
62 185 249 -99 12.1320911
63 186 250 0.5472192442 -99
64 186 251 0 -99
65 186 250 1.094438488 13.40105634
66 186 252 0.2188876977 -99
67 186 252 0.2188876977 -99
68 186 250 0 -99
69 186 251 0.8755507907 15.2373913
70 187 253 0 -99
71 187 254 -99 10.63146853
72 187 253 -99 17.40607735
73 188 255 0.1094438488 16.03684211
74 188 256 0.6566630931 -99
75 189 257 0 -99
76 189 258 0 -99
77 190 259 0 12.8993007
78 190 260 0.3283315465 -99
79 190 261 0.1641657733 13.37104247
80 190 259 0.8208288663 17.05421903
81 190 259 1.149160413 19.42873346
82 191 262 0.2188876977 16.20347826
83 191 262 0 -99
84 192 263 0 -99
85 192 264 4.49501522 -99
86 192 264 0 14.23194444
87 192 265 0.3283315465 14.38871795
88 192 263 0 14.55673759
89 193 266 0.6566630931 -99
90 193 266 -99 -99
91 193 267 0.2188876977 18.67619048
92 193 268 2.188876977 11.14953271
93 194 269 0.4377753954 13.62039801
94 194 270 3.852423479 -99
95 194 271 0 -99
96 195 272 2.188876977 -99
97 195 273 0.7661069419 13.78280347
98 195 274 -99 16.77037037
99 196 275 0.2188876977 16.17180328
100 196 275 0.4377753954 20.22307692
101 197 276 0 -99
102 197 276 -99 -99
103 197 276 -99 -99
104 197 277 0.2918502636 16.12013423
105 197 278 0.5472192442 -99
106 198 279 6.156216497 -99
107 198 279 1.313326186 15.06941489
108 198 280 0.6566630931 17.68522167
109 198 279 -99 14.17009346
110 198 281 0 12.02453704
111 199 282 -99 -99
112 199 282 1.751101581 -99
113 199 283 1.094438488 15.16069182
114 199 282 1.778462544 15.90496278
115 200 284 0.3283315465 -99
116 200 285 -99 -99
117 200 285 0.3283315465 -99
118 200 286 3.830534709 -99
119 200 285 0 18.67868852
120 201 287 0 16.01544118
121 201 287 0.5472192442 -99
122 201 288 0.6566630931 -99
123 201 289 1.167401055 -99
124 201 288 0 -99
125 202 290 0.7879957117 17.61584158
126 202 291 0 12.06734694
127 202 291 0 14.1090566
128 203 292 0.1094438488 16.54842105
129 203 293 13.3907768 -99
130 204 294 2.84554007 -99
131 204 295 1.86054543 14.80847107
132 204 296 1.915267355 18.73135135
133 205 297 0 -99
134 205 298 0.1094438488 15.37756098
135 205 298 1.167401055 15.14485597
136 206 299 2.736096221 -99
137 206 299 -99 -99
138 206 299 0 14.71882845
139 206 300 2.392129839 -99
140 207 301 0.4377753954 12.11734475
141 207 301 -99 12.03805031
142 207 302 0.2188876977 17.56461538
143 207 301 8.302097677 13.68654434
144 208 303 0 11.44492386
145 208 304 0.1094438488 12.62108844
146 208 305 2.371283392 -99
147 208 303 0.1094438488 16.38134921
148 209 306 0.8755507907 15.96638079
149 209 307 0 15.25960265
150 209 307 -99 11.88438438
151 210 308 -99 -99
152 210 309 -99 -99
153 210 309 0.2188876977 -99
154 210 309 -99 -99
155 210 308 0 20.83679245
156 210 310 0.6566630931 97.67777778
157 211 311 0.3283315465 18.64339623
158 211 312 0.5472192442 13.48502024
159 211 312 0.2188876977 -99
160 211 311 -99 -99
161 211 311 -99 -99
162 212 313 0 -99
163 212 314 1.641657733 12.74583333
164 212 314 0 -99
165 212 315 2.517208523 14.01423221
166 213 316 0.4377753954 -99
167 213 317 1.575991423 -99
168 213 317 2.954983919 10.28846154
169 213 318 0.6566630931 19.34178404
170 0 0 -99 -99
171 0 0 -99 -99
172 0 0 -99 -99
173 0 0 -99 -99
174 0 0 -99 -99
175 0 0 -99 -99
176 0 0 -99 -99
177 0 0 -99 -99
178 0 0 -99 -99
179 0 0 -99 -99
180 0 0 -99 -99
181 0 0 -99 -99
182 0 0 -99 -99
183 0 0 -99 -99
184 0 0 -99 -99
185 0 0 -99 -99
186 0 0 -99 -99
187 0 0 -99 -99
188 0 0 -99 -99
189 0 0 -99 -99
190 0 0 -99 -99
191 0 0 -99 -99
192 0 0 -99 -99
193 0 0 -99 -99
194 0 0 -99 -99
195 0 0 -99 -99
196 0 0 -99 -99
197 0 0 -99 -99
198 0 0 -99 -99
199 0 0 -99 -99
200 0 0 -99 -99
201 0 0 -99 -99
202 0 0 -99 -99
203 0 0 -99 -99
204 0 0 -99 -99
205 0 0 -99 -99
206 0 0 -99 -99
207 0 0 -99 -99
208 0 0 -99 -99
209 0 0 -99 -99
210 0 0 -99 -99
211 0 0 -99 -99
212 0 0 -99 -99
213 0 0 -99 -99
214 0 0 -99 -99
215 0 0 -99 -99
216 0 0 -99 -99
217 0 0 -99 -99
218 0 0 -99 -99
219 0 0 -99 -99
220 0 0 -99 -99
221 0 0 -99 -99
222 0 0 -99 -99
223 0 0 -99 -99
224 0 0 -99 -99
225 0 0 -99 -99
226 0 0 -99 -99
227 0 0 -99 -99
228 0 0 -99 -99
229 0 0 -99 -99
230 0 0 -99 -99
231 0 0 -99 -99
232 0 0 -99 -99
233 0 0 -99 -99
234 0 0 -99 -99
235 0 0 -99 -99
236 0 0 -99 -99
237 0 0 -99 -99
238 0 0 -99 -99
239 0 0 -99 -99
240 0 0 -99 -99
241 0 0 -99 -99
242 0 0 -99 -99
243 0 0 -99 -99
244 0 0 -99 -99
245 0 0 -99 -99
246 0 0 -99 -99
247 0 0 -99 -99
248 0 0 -99 -99
249 0 0 -99 -99
250 0 0 -99 -99
251 0 0 -99 -99
252 0 0 -99 -99
253 0 0 -99 -99
254 0 0 -99 -99
255 0 0 -99 -99
256 0 0 -99 -99
257 0 0 -99 -99
258 0 0 -99 -99
259 0 0 -99 -99
260 0 0 -99 -99
261 0 0 -99 -99
262 0 0 -99 -99
263 0 0 -99 -99
264 0 0 -99 -99
265 0 0 -99 -99
266 0 0 -99 -99
267 0 0 -99 -99
268 0 0 -99 -99
269 0 0 -99 -99
270 0 0 -99 -99
271 0 0 -99 -99
272 0 0 -99 -99
273 0 0 -99 -99
274 0 0 -99 -99
275 0 0 -99 -99
276 0 0 -99 -99
277 0 0 -99 -99
278 0 0 -99 -99
279 0 0 -99 -99
280 0 0 -99 -99
281 0 0 -99 -99
282 0 0 -99 -99
283 0 0 -99 -99
284 0 0 -99 -99
285 0 0 -99 -99
286 0 0 -99 -99
287 0 0 -99 -99
288 0 0 -99 -99
289 0 0 -99 -99
290 0 0 -99 -99
291 0 0 -99 -99
292 0 0 -99 -99
293 0 0 -99 -99
294 0 0 -99 -99
295 0 0 -99 -99
296 0 0 -99 -99
297 0 0 -99 -99
298 0 0 -99 -99
299 0 0 -99 -99
300 0 0 -99 -99
301 0 0 -99 -99
302 0 0 -99 -99
303 0 0 -99 -99
304 0 0 -99 -99
305 0 0 -99 -99
306 0 0 -99 -99
307 0 0 -99 -99
308 0 0 -99 -99
309 0 0 -99 -99
310 0 0 -99 -99
311 0 0 -99 -99
312 0 0 -99 -99
313 0 0 -99 -99
314 0 0 -99 -99
315 0 0 -99 -99
316 0 0 -99 -99
317 0 0 -99 -99
318 0 0 -99 -99
0    