2 3 0 1 0 
0     
1 89 138 0.9089742984 -99 -99
2 89 149 0 -99 -99
3 89 138 0 -99 -31.01
4 89 138 -99 -99 -27.11
5 90 156 0 -99 -28.69
6 91 143 1.060470015 -99 -29.54
7 91 143 0.4544871492 -99 -28.85
8 92 153 -99 -99 -29.08
9 92 164 -99 -99 -28.74
10 92 164 0 -99 -29.25
11 92 173 -99 -99 -28.39
12 93 183 1.514957164 -99 -99
13 94 124 -99 11.49139785 -30.83
14 94 124 0 13.97832512 -30.57
15 94 154 0 -99 -99
16 94 179 0 -99 -29.83
17 95 166 0 11.93841336 -30.36
18 95 167 0.3029914328 -99 -99
19 96 145 1.211965731 -99 -29.54
20 97 127 0.2272435746 -99 -30.69
21 97 127 0 -99 -99
22 97 170 0 -99 -99
23 98 155 5.45384579 -99 -99
24 98 155 -99 -99 -30.3
25 98 155 -99 -99 -28.52
26 99 128 0 -99 -30.23
27 99 128 -99 -99 -99
28 99 172 0 -99 -28.16
29 100 176 1.060470015 -99 -29.72
30 101 162 0.4544871492 17.31838565 -99
31 101 162 -99 -99 -30.11
32 102 131 0 9.665140845 -99
33 102 134 0.4544871492 -99 -99
34 102 131 0 -99 -99
35 102 131 0 -99 -30.69
36 103 161 0 13.16498516 -29.04
37 103 161 0 -99 -99
38 104 146 0 -99 -29.92
39 105 126 0.1514957164 11.34166667 -29.32
40 105 147 2.423931462 13.50746269 -30.26
41 105 147 2.423931462 -99 -30.08
42 106 129 3.801165248 14.78434442 -29.93
43 106 129 0 -99 -29.68
44 107 165 1.211965731 16.28596491 -29.88
45 107 165 0.9089742984 -99 -29.79
46 108 178 0 -99 -30.15
47 109 163 0.2272435746 -99 -29.74
48 110 182 -99 -99 -99
49 111 141 0.3029914328 15.12857143 -27.94
50 111 157 1.211965731 13.64736842 -28.64
51 111 158 -99 11.64724689 -29.97
52 111 158 0.1514957164 -99 -99
53 111 157 0.757478582 -99 -99
54 112 132 -99 -99 -28.9
55 112 132 0.4544871492 15.70597015 -99
56 112 150 -99 15.8797654 -99
57 112 150 0 13.95353535 -29.31
58 113 169 -99 -99 -30.28
59 113 180 -99 -99 -29.04
60 114 125 0 17.74795918 -28.84
61 114 181 4.166132201 -99 -29.73
62 115 168 -99 17.26464646 -28.96
63 116 160 0 17.41111111 -29.55
64 117 144 1.514957164 18.21549296 -29.28
65 117 171 3.78739291 18.03185185 -28.95
66 118 133 0.3029914328 16.63440367 -99
67 118 135 1.454358877 15.14269006 -99
68 118 136 0 15.43409091 -28.84
69 118 135 1.060470015 16.50648148 -29.03
70 118 136 1.817948597 10.90897436 -99
71 119 140 -99 17.76300813 -99
72 119 140 0.3029914328 15.74356121 -99
73 119 159 1.66645288 17.18102981 -28.63
74 119 175 4.797364353 18.78395062 -29.56
75 120 152 4.999358641 19.425625 -30.14
76 120 152 2.726922895 12.70737705 -27.63
77 120 174 -99 11.17622378 -29.22
78 121 139 0 9.825742574 -99
79 121 142 0.6059828656 18.9615894 -29.34
80 121 142 3.635897194 14.23746313 -29.34
81 121 142 -99 -99 -99
82 122 130 4.241880059 16.91881188 -99
83 122 137 1.817948597 15.271777 -28.42
84 122 130 1.66645288 20.21855204 -99
85 122 151 0 21.14513889 -29.76
86 122 151 0 15.00488889 -28.46
87 123 148 0.3029914328 24.4047619 -99
88 123 177 -99 17.07991071 -28.27
89 0 0 -99 -99 -99
90 0 0 -99 -99 -99
91 0 0 -99 -99 -99
92 0 0 -99 -99 -99
93 0 0 -99 -99 -99
94 0 0 -99 -99 -99
95 0 0 -99 -99 -99
96 0 0 -99 -99 -99
97 0 0 -99 -99 -99
98 0 0 -99 -99 -99
99 0 0 -99 -99 -99
100 0 0 -99 -99 -99
101 0 0 -99 -99 -99
102 0 0 -99 -99 -99
103 0 0 -99 -99 -99
104 0 0 -99 -99 -99
105 0 0 -99 -99 -99
106 0 0 -99 -99 -99
107 0 0 -99 -99 -99
108 0 0 -99 -99 -99
109 0 0 -99 -99 -99
110 0 0 -99 -99 -99
111 0 0 -99 -99 -99
112 0 0 -99 -99 -99
113 0 0 -99 -99 -99
114 0 0 -99 -99 -99
115 0 0 -99 -99 -99
116 0 0 -99 -99 -99
117 0 0 -99 -99 -99
118 0 0 -99 -99 -99
119 0 0 -99 -99 -99
120 0 0 -99 -99 -99
121 0 0 -99 -99 -99
122 0 0 -99 -99 -99
123 0 0 -99 -99 -99
124 0 0 -99 -99 -99
125 0 0 -99 -99 -99
126 0 0 -99 -99 -99
127 0 0 -99 -99 -99
128 0 0 -99 -99 -99
129 0 0 -99 -99 -99
130 0 0 -99 -99 -99
131 0 0 -99 -99 -99
132 0 0 -99 -99 -99
133 0 0 -99 -99 -99
134 0 0 -99 -99 -99
135 0 0 -99 -99 -99
136 0 0 -99 -99 -99
137 0 0 -99 -99 -99
138 0 0 -99 -99 -99
139 0 0 -99 -99 -99
140 0 0 -99 -99 -99
141 0 0 -99 -99 -99
142 0 0 -99 -99 -99
143 0 0 -99 -99 -99
144 0 0 -99 -99 -99
145 0 0 -99 -99 -99
146 0 0 -99 -99 -99
147 0 0 -99 -99 -99
148 0 0 -99 -99 -99
149 0 0 -99 -99 -99
150 0 0 -99 -99 -99
151 0 0 -99 -99 -99
152 0 0 -99 -99 -99
153 0 0 -99 -99 -99
154 0 0 -99 -99 -99
155 0 0 -99 -99 -99
156 0 0 -99 -99 -99
157 0 0 -99 -99 -99
158 0 0 -99 -99 -99
159 0 0 -99 -99 -99
160 0 0 -99 -99 -99
161 0 0 -99 -99 -99
162 0 0 -99 -99 -99
163 0 0 -99 -99 -99
164 0 0 -99 -99 -99
165 0 0 -99 -99 -99
166 0 0 -99 -99 -99
167 0 0 -99 -99 -99
168 0 0 -99 -99 -99
169 0 0 -99 -99 -99
170 0 0 -99 -99 -99
171 0 0 -99 -99 -99
172 0 0 -99 -99 -99
173 0 0 -99 -99 -99
174 0 0 -99 -99 -99
175 0 0 -99 -99 -99
176 0 0 -99 -99 -99
177 0 0 -99 -99 -99
0     