2	4	0	1	0		
0						
1	340	384	0	23.105	-99	-31.52
2	340	385	0	24.583	-99	-99
3	340	386	0	23.687	-99	-99
4	340	385	0	24.463	9.995955882	-29.32
5	340	386	0.3773563977	31.596	16.57705628	-28.52
6	340	384	0.1886781988	19.228	12.41371528	-27.13
7	340	385	0	28.891	15.97142857	-29.01
8	340	384	0.1886781988	21.182	17.16185567	-26.5
9	340	386	0	20.15	20.08841463	-26.14
10	341	387	0	-99	-99	-99
11	341	388	0	24.67	13.60810811	-28.52
12	341	389	0	23.44	-99	-99
13	341	387	0	19.551	9.450344828	-26.62
14	341	388	0	21.641	-99	-27.87
15	341	388	1.886781988	27.25	20.28282209	-99
16	341	389	0	-99	-99	-99
17	342	390	2.641494784	23.11	19.83320611	-99
18	342	391	-99	29.896	-99	-28.58
19	342	391	-99	24.058	15.27524752	-28.09
20	342	390	0	21.213	14.05	-99
21	342	392	0	25.543	15.7027972	-27.97
22	343	393	3.018851182	28.397	-99	-99
23	343	394	0	-99	-99	-99
24	343	394	-99	30.052	13.60536398	-28.26
25	343	395	3.30186848	30.47	-99	-27.71
26	343	394	1.132069193	21.52	16.78719512	-26.15
27	343	395	0	21.485	-99	-25.32
28	343	393	0.4716954971	17.422	15.52745098	-28.88
29	344	396	4.150920375	24.933	12.26123077	-99
30	344	397	0	26.411	-99	-99
31	344	396	0	27.605	17.67898551	-29.79
32	344	397	0.3773563977	21.426	13.50821918	-28.18
33	344	398	-99	24.827	14.7	-27.84
34	344	396	0	23.203	22.42518892	-28.72
35	344	398	1.320747392	20.979	10.77378049	-26.86
36	344	397	-99	24.199	-99	-29.92
37	345	399	-99	23.77	13.0960373	-28.21
38	345	400	4.90563317	20.904	-99	-99
39	345	399	-99	20.324	11.11152941	-27.29
40	345	401	0	-99	-99	-99
41	345	400	1.981121088	24.12	14.02883721	-99
42	345	401	0	12.445	17.35242718	-99
43	345	399	3.773563977	29.182	13.51637931	-28.27
44	345	400	0	24.674	13.6544	-99
45	346	402	3.622621418	-99	-99	-99
46	346	403	0	25.822	10.8497006	-28
47	346	402	0.1886781988	26.097	15.36721311	-29.59
48	346	404	0	16.54	-99	-99
49	346	402	0.3773563977	22.304	-99	-28.57
50	346	404	0	26.19	10.67178423	-99
51	346	403	1.509425591	19.792	-99	-99
52	347	405	0	17.585	-99	-28.09
53	347	406	0	31.88	-99	-28.91
54	347	407	0	21.45	-99	-27.92
55	347	407	-99	23.5	13.42038462	-28.95
56	347	406	0.3773563977	-99	13.31767241	-28.72
57	347	405	1.132069193	27.523	7.207170795	-29.49
58	347	406	0.3773563977	27.281	20.80692641	-99
59	347	405	2.264138386	21.723	13.40818182	-29.05
60	347	407	0	22.028	-99	-28.39
61	348	408	7.924484352	-99	-99	-28.44
62	348	408	1.132069193	-99	13.75540984	-99
63	348	409	0	17.476	12.08554572	-28.86
64	348	410	3.521993045	27.329	-99	-99
65	348	408	2.452816585	19.948	17.25297158	-27.04
66	348	410	0	14.37	16.74255319	-28.49
67	349	411	0.8490518948	30.17	-99	-99
68	349	412	0	24.193	13.76145833	-99
69	349	412	-99	27.952	15.68396624	-28.77
70	349	411	0	21.955	-99	-99
71	349	413	0	16.94	14.75714286	-28.28
72	349	412	-99	19.786	21.016	-28.18
73	349	413	0.1886781988	18.854	19.21935484	-99
74	349	411	1.132069193	-99	15.17120419	-27.19
75	350	414	7.471656674	22.35	-99	-28.74
76	350	415	0	-99	15.75632184	-99
77	350	414	0	24.06	19.60515464	-28.56
78	350	415	0.5660345965	27.708	14.5182716	-27.6
79	350	415	3.773563977	23.754	10.70066445	-29.11
80	350	414	0.3773563977	15.76	14.14347826	-99
81	351	416	0	26.278	16.66508475	-99
82	351	417	0	26.22	-99	-99
83	351	418	0	20.529	-99	-99
84	351	418	0	26.473	10.9195122	-29.24
85	351	416	1.509425591	26.77	12.13034258	-28.39
86	351	417	0.1886781988	19.507	41.78421053	-99
87	351	417	0	25.881	-99	-99
88	351	416	4.075449095	22.747	17.42047619	-29.44
89	351	418	0	17.81	12.01337278	-99
90	352	419	0	-99	-99	-28.95
91	352	420	1.132069193	24.299	-99	-99
92	352	421	0	21.629	-99	-99
93	352	419	-99	20.292	10.86806283	-99
94	352	421	3.632055328	24.699	13.59175824	-28.29
95	352	419	0	18.307	16.34352941	-27.79
96	352	420	0	17.747	20.05652174	-26.62
97	353	422	0	24.515	-99	-99
98	353	423	0	-99	-99	-99
99	353	424	-99	30.512	-99	-99
100	353	424	0.1886781988	19.961	10.34215827	-99
101	353	422	0	15.249	8.369902913	-99
102	353	424	0.7547127954	21.636	21.70752688	-99
103	353	423	0	20.911	-99	-99
104	353	422	0	20.387	23.89058296	-26.86
105	354	425	0	25.04	-99	-99
106	354	425	0	27.983	-99	-99
107	354	426	0	25.477	-99	-99
108	354	427	4.245259474	27.011	54.05375	-28.28
109	354	425	-99	21.954	12.47528517	-27.96
110	354	426	4.150920375	18.948	-99	-26.52
111	354	427	1.132069193	21.178	14.05267857	-27.6
112	355	428	0	18.84	-99	-99
113	355	429	0	-99	13.93721973	-99
114	355	428	0	28.325	-99	-99
115	355	429	-99	17.139	13.44404762	-29.7
116	355	430	3.018851182	21.77	16.02877358	-99
117	355	429	-99	-99	-99	-27.36
118	356	431	3.396207579	24.422	-99	-29.33
119	356	432	2.452816585	26.003	-99	-29.1
120	356	433	0	27.002	-99	-28.15
121	356	433	2.264138386	26.446	-99	-99
122	356	431	0	-99	14.53353293	-99
123	356	432	14.08797218	24.308	13.22807284	-99
124	356	432	0	23.421	13.43372549	-28.37
125	356	433	0	21.864	-99	-99
126	356	431	0	20.702	17.72	-99
127	357	434	0	20.25	12.1392437	-99
128	357	435	0.3773563977	23.8	9.929009434	-99
129	357	436	0	26.441	-99	-99
130	357	434	-99	26.315	13.38529412	-26.55
131	357	436	1.132069193	24.677	7.551595745	-28.38
132	357	435	-99	-99	-99	-99
133	357	435	0.1886781988	19.749	-99	-27.61
134	357	436	26.41494784	29.086	21.29271523	-28.78
135	357	434	0.1886781988	28.94	14.59764151	-29.71
136	358	437	0	-99	-99	-27.82
137	358	438	1.509425591	25.46	-99	-29.1
138	358	439	0.3773563977	26.86	-99	-29.46
139	358	438	6.745245609	22.202	15.15733333	-28.44
140	358	439	0	25.146	-99	-99
141	358	437	0	24.395	12.82021277	-99
142	358	439	1.132069193	22.379	-99	-27.12
143	358	438	0	22.682	16.16062323	-28.85
144	358	437	0.5031418636	16.864	9.77063197	-99
145	359	440	0	-99	-99	-99
146	359	441	0	28.93	15.38272727	-99
147	359	442	0	21.49	-99	-99
148	359	442	4.830161891	27.917	13.815625	-28.46
149	359	441	0	22.137	-99	-29.44
150	359	440	0.9433909942	28.575	-99	-27.53
151	359	440	0.3144636647	34.226	12.02496329	-27.71
152	359	441	3.773563977	23.683	12.98344828	-28.68
153	359	442	0.8490518948	22.252	13.74965986	-30.38
154	360	443	0	-99	13.50819209	-99
155	360	444	0	26.11	14.66580311	-99
156	360	445	0	-99	-99	-99
157	360	444	0	20.829	12.5152	-28.41
158	360	443	-99	23.26	15.02099174	-27.57
159	360	445	0	-99	-99	-99
160	360	445	0	19.269	15.05193798	-99
161	360	444	0	31.062	12.9938911	-26.25
162	360	443	1.58489687	22.234	-99	-99
163	361	446	0	26.928	-99	-25.32
164	361	447	9.056553545	27.695	13.85079872	-27.29
165	361	447	2.264138386	26.21	9.522243714	-29.64
166	361	446	0	24.282	-99	-29.01
167	361	448	0	22.562	18.35	-28.92
168	361	448	1.65093424	21.342	17.32375691	-29.44
169	361	446	0	-99	25.42979351	-28.62
170	362	449	1.132069193	-99	-99	-30.47
171	362	449	0	18.8	19.90394089	-28.78
172	362	450	0	20.612	16.30314465	-28.73
173	362	451	0.1886781988	18.008	15.40987654	-28.5
174	362	449	0	24.204	19.32301255	-99
175	362	450	0	22.272	-99	-99
176	363	452	0	-99	-99	-99
177	363	453	-99	27.985	13.630625	-28.93
178	363	454	0	34.466	-99	-99
179	363	452	-99	16.146	10.55389222	-26.95
180	363	454	0	-99	13.48	-27.77
181	363	453	1.132069193	25.236	-99	-28.66
182	363	454	0	28.766	20.45873786	-99
183	363	453	-99	19.424	27.99944134	-29.52
184	364	455	-99	-99	-99	-99
185	364	456	0	22.563	-99	-99
186	364	457	0	-99	-99	-99
187	364	457	0	17.047	-99	-99
188	364	456	0.7547127954	26.308	16.70979381	-29.22
189	364	455	0.7547127954	22.036	-99	-28.68
190	364	457	0	24.093	12.43777778	-28.36
191	364	456	2.830172983	23.432	11.66367713	-30.25
192	364	455	0.3773563977	26.509	-99	-28.6
193	365	458	0	-99	-99	-28.44
194	365	459	0.1886781988	-99	-99	-99
195	365	460	0	-99	-99	-27.1
196	365	458	0	23.781	-99	-99
197	365	460	0.3773563977	21.207	17.7248062	-26.18
198	365	459	1.132069193	22.04	12.83128205	-27.92
199	366	461	0.1886781988	22.42	-99	-99
200	366	462	0.7547127954	22.231	-99	-29.76
201	366	461	10.6917646	25.34	19.61493506	-27.71
202	366	463	-99	28.879	15.51116071	-27.63
203	366	462	0.5660345965	25.046	19.41623037	-99
204	366	461	0	19.363	18.4522293	-27.34
205	366	462	0	23.807	15.12295082	-29.16
206	366	463	-99	21.016	19.60451977	-99
207	367	464	0	-99	-99	-99
208	367	465	4.245259474	20.086	-99	-28.12
209	367	466	0	22.264	20.42466667	-99
210	367	465	1.132069193	15.457	-99	-99
211	367	464	0	25.365	17.94173228	-27.84
212	367	466	0	21.275	-99	-99
213	368	467	0.7547127954	31.929	14.27277778	-29.62
214	368	468	1.981121088	24.205	12.97544379	-30.97
215	368	469	0	16.24	12.42635983	-99
216	368	468	1.132069193	-99	-99	-30.36
217	368	467	0.1886781988	-99	16.84477612	-99
218	368	468	0	23.024	16.25256065	-99
219	368	469	0	24.605	14.03543307	-99
220	369	470	0.3773563977	25.662	12.8010846	-99
221	369	471	0	25.232	-99	-27.91
222	369	470	0.3773563977	29.338	15.21462451	-29.18
223	369	472	1.320747392	22.994	7.928888889	-26.92
224	369	471	-99	23.544	-99	-29.05
225	369	471	0.7547127954	23.333	14.61184739	-99
226	369	470	0.2515709318	25.131	13.22574257	-28.49
227	369	472	1.132069193	29.283	13.6638796	-99
228	370	473	0	25.79	-99	-99
229	370	474	-99	-99	-99	-99
230	370	474	2.452816585	23.287	-99	-29.09
231	370	475	0	26.894	13.52517483	-99
232	370	473	-99	31.418	34.62803347	-99
233	370	473	0	22.972	16.51325301	-28.75
234	370	475	0.9433909942	27.111	18.71643836	-28.82
235	370	474	0	19.188	17.19681529	-27.28
236	371	476	0	19.797	-99	-99
237	371	477	0	22.98	-99	-99
238	371	478	1.132069193	-99	15.14581673	-99
239	371	476	0.7547127954	21.31	-99	-99
240	371	478	0.1886781988	24.914	15.56494845	-26.77
241	371	476	0.7547127954	28.386	23.34892857	-27.83
242	371	478	0.9433909942	20.353	17.38888889	-27.18
243	371	477	0	16.365	-99	-99
244	372	479	0	32.627	-99	-99
245	372	480	0.727758767	25.956	14.72528736	-27.16
246	372	479	0	28.315	13.73555556	-29.95
247	372	481	3.228493625	-99	13.66481481	-29.08
248	372	479	0	25.102	16.71100478	-28.09
249	372	481	0	20.397	16.39205021	-28.23
250	372	480	0	25.354	-99	-99
251	373	482	0	-99	-99	-99
252	373	483	0	22.29	-99	-99
253	373	484	0	22.709	-99	-99
254	373	483	1.981121088	-99	-99	-26.87
255	373	484	0	19.216	15.56257862	-28.71
256	373	482	0	18.316	14.54855491	-27.85
257	373	483	0	24.122	17.96438356	-99
258	373	484	0	21.792	22.62526316	-99
259	374	485	-99	-99	-99	-99
260	374	486	0	25.76	15.00677419	-99
261	374	487	0	26.025	13.60597015	-99
262	374	486	0	20.884	15.69818182	-29.05
263	374	485	0	29.131	16.19354839	-99
264	374	487	0	-99	-99	-28.32
265	374	486	0	17.072	-99	-28.87
266	374	485	0	23.507	21.74514286	-27.76
267	374	487	-99	15.847	10.312	-99
268	375	488	1.132069193	27.42	12.67408344	-30.05
269	375	488	0	22.8	-99	-99
270	375	489	0	-99	-99	-99
271	375	490	-99	23.653	9.724078624	-30.47
272	375	489	0	27.942	19.15714286	-99
273	375	488	0.9433909942	18.368	-99	-29.89
274	375	490	0.7547127954	-99	14.23990148	-99
275	376	491	0	25.835	16.84984709	-99
276	376	492	-99	21.913	-99	-99
277	376	493	0.8490518948	19.963	20.81025641	-29.31
278	376	491	0.1886781988	27.426	16.98028169	-28.59
279	376	492	0.5660345965	22.852	13.0092437	-99
280	376	491	0	24.211	13.60506329	-28.39
281	376	493	0	26.231	12.28091483	-99
282	377	494	0	-99	-99	-99
283	377	495	0	-99	-99	-99
284	377	496	4.150920375	27.943	15.84568138	-28.94
285	377	494	2.264138386	30.425	12.37437186	-99
286	377	495	-99	23.449	12.57156134	-28.38
287	377	496	-99	21.924	13.34409938	-99
288	377	495	0.1886781988	24.343	15.43255132	-28.18
289	377	494	0	-99	12.64206009	-27.84
290	377	496	3.169793741	27.073	11.39219512	-28.17
291	378	497	2.264138386	28.315	-99	-29.22
292	378	498	0.2830172983	-99	12.80321101	-30.02
293	378	499	0	28.515	10.34986877	-99
294	378	497	1.886781988	23.508	-99	-25.92
295	378	499	0	23.631	13.73909091	-27.99
296	378	498	0.9056553545	20.229	12.73770492	-28.92
297	378	498	0.5660345965	20.969	11.88140496	-28.53
298	378	499	0.3773563977	21.115	-99	-27.28
299	378	497	0	18.064	15.83394161	-99
300	379	500	0	-99	19.86585366	-27.76
301	379	501	1.132069193	-99	-99	-99
302	379	502	23.55782083	25.93	-99	-27.97
303	379	502	-99	31.998	11.51960133	-29.44
304	379	500	-99	27.503	13.86258065	-26.62
305	379	501	5.660345965	21.56	12.99012346	-29.23
306	379	502	0	22.672	14.46226415	-27.87
307	379	500	0.1886781988	25.761	19.40884956	-26.93
308	379	501	-99	20.626	-99	-28.6
309	380	503	0.3773563977	21.35	-99	-99
310	380	504	-99	25.068	-99	-27.57
311	380	503	2.830172983	25.882	20.86082474	-99
312	380	504	2.943379902	21.941	16.67552448	-28.36
313	380	505	-99	19.801	11.04981685	-99
314	380	503	0	19.073	21.43425414	-29.62
315	380	505	0	19.61	18.19467456	-99
316	380	504	0.8490518948	19.701	16.45	-28.3
317	381	506	0.5031418636	25.294	-99	-28.79
318	381	507	0	21.152	-99	-29.29
319	381	508	0	26.673	-99	-28.11
320	381	507	-99	24.762	16.63362445	-25.77
321	381	506	0	20.032	15.19051724	-26.39
322	381	508	0.3773563977	26.571	15.12328767	-27.58
323	381	506	0	19.118	-99	-27.91
324	382	509	1.132069193	29.878	13.51311475	-30.84
325	382	510	-99	16.405	-99	-26.96
326	382	509	0	-99	-99	-26.95
327	382	511	0	-99	-99	-99
328	382	510	0.5660345965	22.61	17.37819253	-99
329	382	511	1.132069193	20.039	14.88738095	-29.19
330	382	510	1.320747392	21.89	11.72735849	-29.09
331	382	509	0.9433909942	18.645	-99	-99
332	383	512	5.584874686	23.962	-99	-26.11
333	383	513	0.5660345965	22.11	-99	-99
334	383	514	0	28.149	-99	-28.86
335	383	512	0	22.655	15.17836879	-26.87
336	383	513	-99	26.251	14.666	-27.75
337	383	513	0	21.23	-99	-27.55
338	383	512	0	25.611	14.86139818	-28.48
339	383	514	-99	21.792	-99	-27.59
340	0	0	-99	-99	-99	-99
341	0	0	-99	-99	-99	-99
342	0	0	-99	-99	-99	-99
343	0	0	-99	-99	-99	-99
344	0	0	-99	-99	-99	-99
345	0	0	-99	-99	-99	-99
346	0	0	-99	-99	-99	-99
347	0	0	-99	-99	-99	-99
348	0	0	-99	-99	-99	-99
349	0	0	-99	-99	-99	-99
350	0	0	-99	-99	-99	-99
351	0	0	-99	-99	-99	-99
352	0	0	-99	-99	-99	-99
353	0	0	-99	-99	-99	-99
354	0	0	-99	-99	-99	-99
355	0	0	-99	-99	-99	-99
356	0	0	-99	-99	-99	-99
357	0	0	-99	-99	-99	-99
358	0	0	-99	-99	-99	-99
359	0	0	-99	-99	-99	-99
360	0	0	-99	-99	-99	-99
361	0	0	-99	-99	-99	-99
362	0	0	-99	-99	-99	-99
363	0	0	-99	-99	-99	-99
364	0	0	-99	-99	-99	-99
365	0	0	-99	-99	-99	-99
366	0	0	-99	-99	-99	-99
367	0	0	-99	-99	-99	-99
368	0	0	-99	-99	-99	-99
369	0	0	-99	-99	-99	-99
370	0	0	-99	-99	-99	-99
371	0	0	-99	-99	-99	-99
372	0	0	-99	-99	-99	-99
373	0	0	-99	-99	-99	-99
374	0	0	-99	-99	-99	-99
375	0	0	-99	-99	-99	-99
376	0	0	-99	-99	-99	-99
377	0	0	-99	-99	-99	-99
378	0	0	-99	-99	-99	-99
379	0	0	-99	-99	-99	-99
380	0	0	-99	-99	-99	-99
381	0	0	-99	-99	-99	-99
382	0	0	-99	-99	-99	-99
383	0	0	-99	-99	-99	-99
384	0	0	-99	-99	-99	-99
385	0	0	-99	-99	-99	-99
386	0	0	-99	-99	-99	-99
387	0	0	-99	-99	-99	-99
388	0	0	-99	-99	-99	-99
389	0	0	-99	-99	-99	-99
390	0	0	-99	-99	-99	-99
391	0	0	-99	-99	-99	-99
392	0	0	-99	-99	-99	-99
393	0	0	-99	-99	-99	-99
394	0	0	-99	-99	-99	-99
395	0	0	-99	-99	-99	-99
396	0	0	-99	-99	-99	-99
397	0	0	-99	-99	-99	-99
398	0	0	-99	-99	-99	-99
399	0	0	-99	-99	-99	-99
400	0	0	-99	-99	-99	-99
401	0	0	-99	-99	-99	-99
402	0	0	-99	-99	-99	-99
403	0	0	-99	-99	-99	-99
404	0	0	-99	-99	-99	-99
405	0	0	-99	-99	-99	-99
406	0	0	-99	-99	-99	-99
407	0	0	-99	-99	-99	-99
408	0	0	-99	-99	-99	-99
409	0	0	-99	-99	-99	-99
410	0	0	-99	-99	-99	-99
411	0	0	-99	-99	-99	-99
412	0	0	-99	-99	-99	-99
413	0	0	-99	-99	-99	-99
414	0	0	-99	-99	-99	-99
415	0	0	-99	-99	-99	-99
416	0	0	-99	-99	-99	-99
417	0	0	-99	-99	-99	-99
418	0	0	-99	-99	-99	-99
419	0	0	-99	-99	-99	-99
420	0	0	-99	-99	-99	-99
421	0	0	-99	-99	-99	-99
422	0	0	-99	-99	-99	-99
423	0	0	-99	-99	-99	-99
424	0	0	-99	-99	-99	-99
425	0	0	-99	-99	-99	-99
426	0	0	-99	-99	-99	-99
427	0	0	-99	-99	-99	-99
428	0	0	-99	-99	-99	-99
429	0	0	-99	-99	-99	-99
430	0	0	-99	-99	-99	-99
431	0	0	-99	-99	-99	-99
432	0	0	-99	-99	-99	-99
433	0	0	-99	-99	-99	-99
434	0	0	-99	-99	-99	-99
435	0	0	-99	-99	-99	-99
436	0	0	-99	-99	-99	-99
437	0	0	-99	-99	-99	-99
438	0	0	-99	-99	-99	-99
439	0	0	-99	-99	-99	-99
440	0	0	-99	-99	-99	-99
441	0	0	-99	-99	-99	-99
442	0	0	-99	-99	-99	-99
443	0	0	-99	-99	-99	-99
444	0	0	-99	-99	-99	-99
445	0	0	-99	-99	-99	-99
446	0	0	-99	-99	-99	-99
447	0	0	-99	-99	-99	-99
448	0	0	-99	-99	-99	-99
449	0	0	-99	-99	-99	-99
450	0	0	-99	-99	-99	-99
451	0	0	-99	-99	-99	-99
452	0	0	-99	-99	-99	-99
453	0	0	-99	-99	-99	-99
454	0	0	-99	-99	-99	-99
455	0	0	-99	-99	-99	-99
456	0	0	-99	-99	-99	-99
457	0	0	-99	-99	-99	-99
458	0	0	-99	-99	-99	-99
459	0	0	-99	-99	-99	-99
460	0	0	-99	-99	-99	-99
461	0	0	-99	-99	-99	-99
462	0	0	-99	-99	-99	-99
463	0	0	-99	-99	-99	-99
464	0	0	-99	-99	-99	-99
465	0	0	-99	-99	-99	-99
466	0	0	-99	-99	-99	-99
467	0	0	-99	-99	-99	-99
468	0	0	-99	-99	-99	-99
469	0	0	-99	-99	-99	-99
470	0	0	-99	-99	-99	-99
471	0	0	-99	-99	-99	-99
472	0	0	-99	-99	-99	-99
473	0	0	-99	-99	-99	-99
474	0	0	-99	-99	-99	-99
475	0	0	-99	-99	-99	-99
476	0	0	-99	-99	-99	-99
477	0	0	-99	-99	-99	-99
478	0	0	-99	-99	-99	-99
479	0	0	-99	-99	-99	-99
480	0	0	-99	-99	-99	-99
481	0	0	-99	-99	-99	-99
482	0	0	-99	-99	-99	-99
483	0	0	-99	-99	-99	-99
484	0	0	-99	-99	-99	-99
485	0	0	-99	-99	-99	-99
486	0	0	-99	-99	-99	-99
487	0	0	-99	-99	-99	-99
488	0	0	-99	-99	-99	-99
489	0	0	-99	-99	-99	-99
490	0	0	-99	-99	-99	-99
491	0	0	-99	-99	-99	-99
492	0	0	-99	-99	-99	-99
493	0	0	-99	-99	-99	-99
494	0	0	-99	-99	-99	-99
495	0	0	-99	-99	-99	-99
496	0	0	-99	-99	-99	-99
497	0	0	-99	-99	-99	-99
498	0	0	-99	-99	-99	-99
499	0	0	-99	-99	-99	-99
500	0	0	-99	-99	-99	-99
501	0	0	-99	-99	-99	-99
502	0	0	-99	-99	-99	-99
503	0	0	-99	-99	-99	-99
504	0	0	-99	-99	-99	-99
505	0	0	-99	-99	-99	-99
506	0	0	-99	-99	-99	-99
507	0	0	-99	-99	-99	-99
508	0	0	-99	-99	-99	-99
509	0	0	-99	-99	-99	-99
510	0	0	-99	-99	-99	-99
511	0	0	-99	-99	-99	-99
512	0	0	-99	-99	-99	-99
513	0	0	-99	-99	-99	-99
514	0	0	-99	-99	-99	-99
0						