  This is an REML analysis.
LogLike     -54478.7261
LogLike      -3769.0885
LogLike      -3768.1300
LogLike      -3768.0734
LogLike      -3768.0657
LogLike      -3768.0644
LogLike      -3768.0641
    At iteration    7

   *** The unconstrained analysis converged with the following results ***
   The log likelihood is -3768.0641
   The mean of each trait is
        25.049568
        12.412756
        21.930732
        17.125632
       -30.768347
   The effect of the fixed factors is
   (in the order given, levels within factors)

   The estimates of the components are:
    Additive
              
    -15.246602     -5.382175     -2.415436      0.461399      0.467128
                    0.551763      2.742338     -6.734071     -1.038235
                                  2.265807      1.929933     -0.414944
                                                0.279592     -0.402624
                                                              0.368338
                                                                      
   Environmental
              
    123.388370     48.492254      2.852866     -1.339798      1.937732
                  105.025480      1.271336      2.033292      1.991616
                                  6.252942      1.306909      0.302123
                                               33.969081      0.071088
                                                              0.193339
                                                                      
   Common Environment
              
     12.538737      3.006909      2.620152     -0.728346     -0.107428
                    0.546449      0.228824      3.282123      0.166812
                                 -0.559452     -1.131404      0.216707
                                                1.592805      0.099325
                                                             -0.083458
                                                                      
    Large-sample var-cov matrix of the estimates
    195.977498     70.363697      7.101619     -3.721891      4.574310     25.263520      2.547224     -1.336064      1.643468      0.309147     -0.139539      0.142942      0.071110     -0.084820      0.116820    -97.992050    -35.182886     -3.551039      1.861028     -2.287166    -12.632069     -1.273694      0.668062     -0.821734     -0.154584      0.069773     -0.071474     -0.035556      0.042411     -0.058409   -116.150096    -41.643826     -5.399321      2.313250     -2.186851    -14.930818     -1.934767      0.829278     -0.784532     -0.272845      0.109504     -0.092033     -0.046250      0.042687     -0.045412
                  100.049996      8.616466     -5.277644      0.658289     62.792404      5.610481     -3.302585      2.067487      0.424358     -0.198414      0.203960      0.156500     -0.151284     -0.020625    -35.182967    -50.026091     -4.308224      2.638423     -0.329178    -31.396710     -2.805302      1.651163     -1.033751     -0.212181      0.099197     -0.101980     -0.078242      0.075635      0.010312    -41.643739    -54.765743     -4.080855      0.774683     -0.634183    -33.925748     -3.233392      1.065789     -1.013457     -0.243994      0.033158     -0.086099     -0.006500      0.031333     -0.003630
                                  8.888817      2.301591     -0.031409      5.277990      3.350379      0.718370      0.157904      0.532489     -0.107386      0.228329     -0.084324      0.070819     -0.010070     -3.549875     -4.308761     -4.444863     -1.151381      0.015760     -2.639532     -1.675383     -0.359398     -0.078946     -0.266197      0.053679     -0.114168      0.042174     -0.035420      0.005036     -5.399291     -4.080776     -4.157417     -0.617557     -0.122422     -2.234738     -1.564598     -0.181747     -0.095902     -0.331533      0.060417     -0.091139      0.024353     -0.016836     -0.000655
                                               33.348954     -0.591902     -3.320132      0.789162     12.043406     -0.350680      0.108044      1.089308      0.056259     -1.251239      0.820588     -0.031613      1.861195      2.637163     -1.150566    -16.674853      0.295917      1.658753     -0.394538     -6.021796      0.175295     -0.054012     -0.544683     -0.028126      0.625818     -0.410287      0.015805      2.313669      0.773644     -0.617354    -18.024156      0.191539      0.261589     -0.268491     -6.459117      0.087094     -0.035568     -0.792549     -0.013525      0.710996     -0.356102      0.008923
                                                              0.831097     -0.118794     -0.028406     -0.195840      0.267446      0.004503     -0.011730      0.016194      0.019654     -0.029870      0.042037     -2.287218     -0.329164      0.015699      0.295951     -0.415553      0.059392      0.014201      0.097920     -0.133724     -0.002251      0.005865     -0.008098     -0.009827      0.014935     -0.021018     -2.186616     -0.634286     -0.122444      0.191473     -0.324928     -0.172977     -0.044753      0.066515     -0.110316     -0.012152      0.006804     -0.011520     -0.006264      0.010222     -0.013897
                                                                          158.950824     13.918481     -9.789189     -0.515160      1.324877     -1.120527     -0.085895      1.256474      0.132942      0.017346    -12.632132    -31.396781     -2.638950      1.659746      0.059373    -79.476131     -6.959116      4.893864      0.257533     -0.662425      0.560231      0.042948     -0.628221     -0.066479     -0.008674    -14.930752    -33.925678     -2.234789      0.262429     -0.172866    -78.304101     -5.416211      1.246321     -0.299802     -0.428461      0.219809     -0.000049     -0.351447     -0.046579     -0.009099
                                                                                          8.835950      1.797076     -0.180039      1.519131     -0.367625     -0.063478     -0.477428      0.006545      0.007152     -1.273248     -2.805089     -1.675345     -0.394823      0.014225     -6.960433     -4.418369     -0.899042      0.090052     -0.759682      0.183782      0.031732      0.238712     -0.003280     -0.003575     -1.934751     -3.233346     -1.564601     -0.268510     -0.044734     -5.416101     -3.649810     -0.539665     -0.043141     -0.519627      0.045436     -0.003482      0.115597     -0.004717     -0.003508
                                                                                                       30.920465     -0.475026      0.488202      2.414367     -0.077384     -3.736035     -0.045558      0.009541      0.668126      1.650739     -0.359094     -6.021821      0.097907      4.891622     -0.898395    -15.460374      0.237463     -0.244078     -1.207182      0.038693      1.866296      0.022768     -0.004771      0.829435      1.065538     -0.181661     -6.459122      0.066538      1.244492     -0.539552    -15.079485      0.136946     -0.128077     -0.973574      0.019926      0.478093     -0.069303     -0.001832
                                                                                                                      0.749323     -0.040302     -0.026593      0.075576      0.105636     -0.058575     -0.010291     -0.821756     -1.033765     -0.078952      0.175332     -0.133725      0.257573      0.090018      0.237507     -0.374664      0.020150      0.013296     -0.037787     -0.052815      0.029284      0.005145     -0.784442     -1.013417     -0.095907      0.087088     -0.110312     -0.300041     -0.043171      0.136909     -0.272354      0.002300      0.005484     -0.023906     -0.024855      0.012346      0.000736
                                                                                                                                    1.752837      0.546899     -0.041611      0.193384     -0.019710      0.002976     -0.154513     -0.212186     -0.266208     -0.054043     -0.002247     -0.662538     -0.759678     -0.244163      0.020152     -0.876727     -0.273502      0.020804     -0.096717      0.009854     -0.001487     -0.272850     -0.243984     -0.331518     -0.035578     -0.012149     -0.428436     -0.519634     -0.128089      0.002303     -0.639085     -0.145398     -0.000773     -0.048725      0.004445     -0.001365
                                                                                                                                                  3.212724     -0.072010      1.798371     -0.073995      0.004278      0.069766      0.099161      0.053719     -0.544511      0.005863      0.560151      0.183712     -1.207406      0.013293     -0.273524     -1.606442      0.036004     -0.899344      0.037016     -0.002139      0.109524      0.033117      0.060436     -0.792510      0.006807      0.219693      0.045377     -0.973597      0.005483     -0.145344     -1.332728      0.019557     -0.495555     -0.010833     -0.000870
                                                                                                                                                                0.083513     -0.043267      0.029183     -0.004747     -0.071455     -0.101987     -0.114172     -0.028140     -0.008094      0.042933      0.031733      0.038686     -0.037790      0.020823      0.036002     -0.041754      0.021635     -0.014595      0.002375     -0.092021     -0.086099     -0.091128     -0.013530     -0.011520     -0.000063     -0.003497      0.019919     -0.023905     -0.000785      0.019551     -0.027149      0.010970     -0.007455      0.000523
                                                                                                                                                                             23.102975     -0.412988      0.009699     -0.035560     -0.078217      0.042160      0.625693     -0.009826     -0.628144      0.238652      1.867018     -0.052812     -0.096672     -0.899017      0.021632    -11.552272      0.206455     -0.004849     -0.046260     -0.006483      0.024353      0.711133     -0.006266     -0.351366      0.115570      0.477290     -0.024854     -0.048715     -0.495402      0.010971    -11.352268      0.122166     -0.002489
                                                                                                                                                                                            0.287235     -0.012205      0.042414      0.075612     -0.035405     -0.410301      0.014935     -0.066507     -0.003272      0.022780      0.029280      0.009853      0.036987     -0.014591      0.206464     -0.143593      0.006102      0.042691      0.031314     -0.016831     -0.356068      0.010223     -0.046590     -0.004719     -0.069343      0.012342      0.004445     -0.010846     -0.007455      0.122134     -0.103278      0.003264
                                                                                                                                                                                                          0.015722     -0.058411      0.010312      0.005035      0.015806     -0.021019     -0.008673     -0.003576     -0.004770      0.005146     -0.001488     -0.002139      0.002373     -0.004849      0.006102     -0.007861     -0.045404     -0.003633     -0.000656      0.008920     -0.013897     -0.009104     -0.003509     -0.001833      0.000735     -0.001366     -0.000870      0.000523     -0.002488      0.003264     -0.004638
                                                                                                                                                                                                                      148.375806     56.906167      3.191934     -1.881567      3.007165     21.868913      1.197253     -0.710266      1.148098      0.097368     -0.048443      0.062301      0.026878     -0.039039      0.064150     24.714799      7.627165      2.219781     -0.837268      0.467998      2.246571      0.777606     -0.288328      0.144895      0.129469     -0.050157      0.037023      0.020068     -0.015356      0.010981
                                                                                                                                                                                                                                     77.981222      3.571157     -2.078986      1.164782     51.453932      2.496635     -1.484224      1.614158      0.138425     -0.068604      0.081317      0.050052     -0.054583      0.018530      7.627077      9.607769      1.562594     -0.130512     -0.018326      4.966088      1.247130     -0.311129      0.138661      0.110950     -0.010104      0.032828     -0.000461     -0.010010     -0.006124
                                                                                                                                                                                                                                                    5.546998      1.537663      0.045883      2.218999      2.165077      0.552057      0.076800      0.227616     -0.044745      0.119814     -0.039628      0.035488     -0.001000      2.221017      1.562759      0.963420     -0.013932      0.043054      0.814429      0.337013     -0.034006      0.035364      0.133800     -0.024238      0.024526     -0.005954      0.002456     -0.000185
                                                                                                                                                                                                                                                                 23.708330     -0.213668     -1.282206      0.572515      9.095355     -0.120848      0.054667      0.482039      0.031427     -0.607087      0.493842     -0.010033     -0.837631     -0.130894     -0.013612      3.854785     -0.073671      0.021709      0.008643      1.188455     -0.032376      0.008464      0.325249      0.000952     -0.256782      0.081208     -0.003745
                                                                                                                                                                                                                                                                                0.411057      0.470006      0.017914     -0.077465      0.152211      0.002272     -0.004128      0.007454      0.006000     -0.010310      0.017478      0.467861     -0.018257      0.043006     -0.073607      0.094193     -0.080988      0.013909     -0.023663      0.026505      0.005678     -0.002994      0.004605      0.002766     -0.004155      0.004609
                                                                                                                                                                                                                                                                                            121.938929      5.547605     -3.486888      1.019999      0.383160     -0.306234      0.007434      0.327321      0.018701      0.020390      2.246505      4.966017      0.814479      0.021958     -0.081059     11.574472      2.011802     -0.271101     -0.235123      0.196636     -0.100981     -0.009692      0.171227      0.028201     -0.000826
                                                                                                                                                                                                                                                                                                            5.249642      1.317503      0.006244      0.531525     -0.107859      0.027191     -0.141667      0.013488      0.002817      0.778081      1.247643      0.337036      0.008505      0.013924      2.011694      0.805196     -0.021202      0.004282      0.208778     -0.017279     -0.012690     -0.050262     -0.001607      0.001407
                                                                                                                                                                                                                                                                                                                         21.712221     -0.177662      0.166398      0.943951     -0.008329     -1.286853      0.184591      0.000941     -0.288465     -0.311407     -0.033891      1.188444     -0.023686     -0.271702     -0.020925      2.849752     -0.048656      0.049149      0.372201     -0.013645     -0.119367     -0.031019      0.001401
                                                                                                                                                                                                                                                                                                                                        0.364347     -0.008228     -0.008410      0.023658      0.027714     -0.017501      0.002151      0.144841      0.138639      0.035349     -0.032346      0.026503     -0.234970      0.004257     -0.048603      0.076749     -0.001782     -0.002141      0.010347      0.011982     -0.005205     -0.001952
                                                                                                                                                                                                                                                                                                                                                      0.868085      0.265971     -0.004992      0.086110     -0.003345      0.000809      0.129538      0.110981      0.133790      0.008467      0.005681      0.196611      0.208784      0.049123     -0.001780      0.171133      0.029441     -0.001448      0.011695     -0.002754      0.000660
                                                                                                                                                                                                                                                                                                                                                                    1.846045     -0.021000      1.048556     -0.007089      0.000977     -0.050182     -0.010120     -0.024229      0.325429     -0.002998     -0.100983     -0.017293      0.372217     -0.002144      0.029375      0.317000     -0.008770      0.046794      0.001570      0.000466
                                                                                                                                                                                                                                                                                                                                                                                  0.033323     -0.013033      0.010877     -0.000883      0.037038      0.032835      0.024519      0.000947      0.004609     -0.009686     -0.012683     -0.013645      0.010346     -0.001430     -0.008769      0.009412     -0.004740      0.002526     -0.000364
                                                                                                                                                                                                                                                                                                                                                                                               14.975407     -0.137980      0.002552      0.020078     -0.000459     -0.005964     -0.256915      0.002767      0.171290     -0.050296     -0.118600      0.011985      0.011715      0.047039     -0.004742      2.489918     -0.049226      0.001201
                                                                                                                                                                                                                                                                                                                                                                                                              0.128707     -0.003471     -0.015361     -0.010018      0.002461      0.081184     -0.004156      0.028188     -0.001602     -0.030996     -0.005207     -0.002756      0.001552      0.002528     -0.049233      0.032410     -0.001489
                                                                                                                                                                                                                                                                                                                                                                                                                            0.005205      0.010976     -0.006122     -0.000186     -0.003743      0.004608     -0.000823      0.001407      0.001402     -0.001951      0.000660      0.000467     -0.000365      0.001200     -0.001488      0.001852
                                                                                                                                                                                                                                                                                                                                                                                                                                        107.045361     38.761028      5.121081     -2.064751      1.793681     14.049127      1.840147     -0.743632      0.650452      0.265505     -0.103398      0.082079      0.041026     -0.034099      0.031384
                                                                                                                                                                                                                                                                                                                                                                                                                                                       49.240463      3.097248      0.269637      0.738085     30.624872      2.754624     -0.577980      0.870305      0.201964      0.006233      0.059877     -0.029842     -0.003156      0.012305
                                                                                                                                                                                                                                                                                                                                                                                                                                                                      3.337355      0.302515      0.166475      1.569988      1.262998      0.088656      0.084349      0.291116     -0.050650      0.063681     -0.011399      0.005302      0.003495
                                                                                                                                                                                                                                                                                                                                                                                                                                                                                   15.863819     -0.098520      0.453699      0.179800      5.725166     -0.024786      0.020426      0.739873      0.004768     -0.607841      0.271399     -0.003480
                                                                                                                                                                                                                                                                                                                                                                                                                                                                                                  0.220517      0.300874      0.065660     -0.037295      0.080343      0.014159     -0.005695      0.010701      0.003035     -0.005619      0.007622
                                                                                                                                                                                                                                                                                                                                                                                                                                                                                                               67.153619      3.511909      0.778063      0.630271      0.209567      0.002745      0.024679      0.126533      0.023407      0.008815
                                                                                                                                                                                                                                                                                                                                                                                                                                                                                                                              2.685728      0.321117      0.104366      0.285910      0.033451      0.024958     -0.027567      0.005578      0.002708
                                                                                                                                                                                                                                                                                                                                                                                                                                                                                                                                           12.642618     -0.058800      0.042879      0.649333     -0.004330      0.298998      0.119528     -0.000253
                                                                                                                                                                                                                                                                                                                                                                                                                                                                                                                                                          0.172431      0.007372     -0.000387      0.011490      0.004798     -0.001094      0.002172
                                                                                                                                                                                                                                                                                                                                                                                                                                                                                                                                                                        0.409292      0.059231      0.011935      0.016739     -0.000460      0.000968
                                                                                                                                                                                                                                                                                                                                                                                                                                                                                                                                                                                      0.975599     -0.006764      0.235601      0.033212      0.000009
                                                                                                                                                                                                                                                                                                                                                                                                                                                                                                                                                                                                    0.014403     -0.003139      0.002417      0.000564
                                                                                                                                                                                                                                                                                                                                                                                                                                                                                                                                                                                                                  9.440145     -0.053213      0.000700
                                                                                                                                                                                                                                                                                                                                                                                                                                                                                                                                                                                                                                0.063421     -0.001075
                                                                                                                                                                                                                                                                                                                                                                                                                                                                                                                                                                                                                                              0.002018
                                                                                                                                                                                                                                                                                                                                                                                                                                                                                                                                                                                                      