2	2	1	0	0	
1	5				
1	291	309	4	242.5485961	-99
2	291	309	5	314.5584726	-99
3	291	310	5	572.5118483	-99
4	291	311	3	384.8484848	-99
5	291	311	5	360.1139601	-99
9	292	313	3	361.1650485	-99
10	292	313	4	308.411215	-99
11	292	313	5	207.6555024	-99
12	292	314	4	330.7692308	-99
13	292	314	5	291.827957	-99
14	292	314	10	254.5741325	-99
15	293	315	3	320.1535509	-99
16	293	315	4	393.9163498	-99
17	293	315	5	263.4234234	-99
18	293	315	10	225.9860789	-99
19	293	316	5	294.3103448	-99
20	293	316	6	382.0058997	-99
21	293	316	10	296.5235174	-99
22	293	317	5	334.7315436	-99
23	293	317	6	345.5012853	-99
24	294	318	3	419.0839695	-99
25	294	318	4	447.9411765	-99
26	294	318	5	420.1834862	-99
27	294	318	6	447.6190476	-99
28	294	319	3	362.4251497	-99
29	294	320	4	301.8575851	-99
30	294	320	5	278.0269058	-99
31	294	320	10	200	-99
32	295	321	3	310.1010101	-99
33	295	321	4	424.9221184	-99
34	295	321	5	426.2337662	-99
35	295	321	10	340.9448819	-99
36	295	322	3	401.6393443	-99
37	295	322	4	587.3831776	-99
38	295	322	10	345.8333333	-99
41	296	324	4	327.6470588	-99
42	296	324	6	392.9095355	-99
43	296	324	10	296.6159052	-99
44	296	325	3	403.3950617	-99
45	296	325	4	313.52657	-99
46	296	325	5	309.5465394	-99
47	296	325	6	412.7777778	-99
48	296	326	4	274.7126437	-99
49	296	326	6	330.0699301	-99
50	297	327	6	202.3206751	-99
51	297	328	3	259.5827901	-99
53	297	329	5	292.7565392	-99
54	297	329	6	317.9640719	-99
55	297	329	10	308.9337176	-99
57	298	330	3	291.6500994	-99
58	298	330	4	248.3362522	-99
59	298	330	5	313.8297872	-99
60	298	330	6	331.5789474	-99
61	298	331	4	311.1578947	-99
62	298	331	5	374.5362563	-99
63	298	331	10	357.5581395	-99
65	298	332	6	355.4858934	-99
67	299	333	4	290.5362776	-99
68	299	333	5	304.5783133	-99
69	299	333	6	253.0712531	-99
70	299	334	4	384.9192101	-99
71	299	335	4	292.4752475	-99
72	299	335	5	288.6567164	-99
73	299	335	6	264.2436149	-99
74	299	335	10	262.4100719	-99
75	300	336	3	386.1445783	-99
76	300	336	4	397.9166667	-99
77	300	336	6	335.8056266	-99
78	300	337	3	414.532872	-99
79	300	337	5	378.0701754	-99
80	300	337	6	322.4444444	-99
81	300	337	10	629.1666667	-99
82	300	338	3	269.2667707	-99
83	300	338	5	215.7377049	-99
84	300	338	10	361.3691932	-99
85	301	339	3	449.2857143	-99
86	301	339	4	294.1052632	-99
87	301	340	3	303.9955605	-99
88	301	340	5	399.7971602	-99
89	301	340	10	353.9661899	-99
90	301	341	5	236.9519833	-99
91	301	341	6	249.1071429	-99
92	302	342	5	382.5870647	-99
93	302	342	6	358.8972431	-99
94	302	343	4	239.2156863	-99
95	302	343	5	332.1543408	-99
96	302	344	5	386.535009	-99
97	303	345	4	310.9278351	-99
98	303	345	5	339.5180723	-99
99	303	345	6	372.5	-99
100	303	346	4	371.4285714	-99
101	303	346	5	303.3797217	-99
102	303	346	6	356.6585956	-99
103	303	348	4	390.4958678	-99
104	303	348	5	414.75	-99
105	303	348	6	394.7565543	-99
106	304	349	6	418.4782609	-99
108	304	350	3	346.25	-99
109	304	350	4	330.0261097	-99
110	304	350	5	280.0429185	-99
111	304	350	10	219.2156863	-99
112	305	351	4	350.4587156	-99
113	305	351	5	493.0599369	-99
114	305	352	4	403.9106145	-99
115	305	352	6	539.1447368	-99
117	306	353	4	336.2139918	-99
118	306	353	5	286.5384615	-99
119	306	353	10	309.0128755	-99
121	306	354	3	335.9649123	-99
122	306	354	4	266.148532	-99
123	306	354	5	320.5357143	-99
124	306	354	6	258.6206897	-99
125	306	355	4	385.9728507	-99
126	306	355	6	302.2172949	-99
127	307	356	6	415.3439153	-99
128	307	357	4	294.4805195	-99
129	307	357	5	356.5826331	-99
130	307	357	10	414.4578313	-99
132	307	358	4	329.8245614	-99
133	307	358	6	407.5980392	-99
134	307	358	10	376.3020833	-99
135	308	359	4	81.31661442	-99
136	308	359	6	286.8978805	-99
137	308	359	10	290.712743	-99
138	308	360	3	281.3114754	-99
139	308	360	4	241.7322835	-99
140	308	360	5	309.3253968	-99
141	308	360	6	214.0552995	-99
142	308	360	10	320.8480565	-99
143	308	361	4	329.972752	-99
144	308	361	10	273.6231884	-99
145	291	309	6	-99	327.5462963
146	291	309	10	-99	290.7375643
147	291	310	6	-99	308.48
148	291	311	4	-99	255.2556818
149	291	311	5	-99	337.3165618
150	291	311	6	-99	491.6216216
151	291	311	10	-99	317.0515098
152	292	312	10	-99	278.8643533
153	292	313	10	-99	235.1351351
154	292	313	3	-99	298.573975
156	292	314	6	-99	312.5
157	292	314	10	-99	261.6104869
158	292	314	3	-99	258.6457074
159	293	315	4	-99	294.9109415
163	293	316	4	-99	375.8551308
164	293	316	10	-99	306.5217391
165	293	316	3	-99	250.304878
166	293	317	10	-99	276.8817204
168	294	318	4	-99	328.8819876
169	294	318	10	-99	313.3647799
170	294	318	3	-99	280.5042017
172	294	319	10	-99	323.0421687
173	294	320	4	-99	322.2857143
174	294	320	5	-99	291.3894325
176	295	321	5	-99	366.8269231
177	295	321	3	-99	257.1428571
180	295	322	4	-99	281.8763326
181	295	322	6	-99	277.7070064
182	295	322	10	-99	267.5347222
183	295	323	4	-99	346.7065868
184	295	323	5	-99	310.8187135
185	296	324	4	-99	370.2917772
186	296	324	10	-99	274.1071429
187	296	324	3	-99	202.4590164
188	296	325	4	-99	298.9492119
189	296	325	10	-99	273.5694823
190	296	325	3	-99	292.0833333
194	297	327	10	-99	242.6940639
195	297	328	4	-99	295.320197
196	297	328	10	-99	260.6299213
197	297	329	4	-99	352.8813559
198	297	329	5	-99	366.2824207
199	297	329	6	-99	291.0973085
200	297	329	10	-99	437.3831776
201	298	330	4	-99	270.2819957
202	298	330	10	-99	335.1401869
205	298	331	4	-99	330.4812834
206	298	331	5	-99	300
207	298	331	6	-99	360.2631579
208	298	331	10	-99	367.1018277
209	298	332	6	-99	358.3050847
210	298	332	10	-99	251.9230769
211	299	333	4	-99	265
212	299	333	10	-99	373.6308316
214	299	334	4	-99	347.5460123
215	299	335	4	-99	287.8315133
219	300	336	4	-99	341.3897281
220	300	336	5	-99	367.8861789
221	300	336	10	-99	371.9817768
222	300	337	4	-99	288.9390519
223	300	337	6	-99	337.6163873
224	300	337	10	-99	227.1260997
226	300	338	4	-99	325.6329114
227	300	338	10	-99	253.6885246
231	301	340	4	-99	286.3945578
232	301	340	5	-99	303.0981067
233	301	340	3	-99	249.5207668
234	301	341	4	-99	285.2336449
235	301	341	10	-99	271.3012478
240	302	344	10	-99	362.4691358
241	303	345	4	-99	355.9766764
242	303	345	10	-99	247.9310345
243	303	345	3	-99	281.5972222
244	303	346	4	-99	279.0825688
245	303	346	10	-99	361.7260788
246	303	346	3	-99	345.2173913
247	303	348	10	-99	303.6111111
248	303	348	3	-99	326.6666667
250	304	349	5	-99	311.634349
251	304	349	6	-99	291.5865385
252	304	350	4	-99	270.6349206
253	304	350	10	-99	398.4732824
254	304	350	3	-99	281.6546763
256	305	351	4	-99	326.5168539
257	305	351	5	-99	372.8358209
258	305	352	4	-99	291.5966387
259	305	352	6	-99	322.1611722
260	305	352	10	-99	310.1899827
261	306	353	4	-99	293.7321937
262	306	353	5	-99	288.7640449
263	306	353	6	-99	296.039604
264	306	353	10	-99	304.2895442
265	306	354	4	-99	299.1735537
266	306	354	5	-99	288.2352941
267	306	354	10	-99	286.3247863
268	306	354	3	-99	248.4320557
269	306	355	4	-99	244.397463
270	306	355	6	-99	282.9646018
271	307	356	5	-99	292.3076923
272	307	357	4	-99	312.6530612
273	307	357	6	-99	258.3529412
274	307	357	10	-99	328.0075188
275	307	357	3	-99	247.5862069
276	307	358	5	-99	290.4656319
277	307	358	3	-99	305.8708415
279	308	359	4	-99	277.2815534
280	308	359	5	-99	283.7398374
281	308	359	3	-99	288.9250814
287	308	361	4	-99	365.1162791
288	308	361	5	-99	230.8148148
289	308	361	6	-99	388.9589905
290	308	361	10	-99	338.7024609
291	0	0	4	-99	-99
292	0	0	4	-99	-99
293	0	0	4	-99	-99
294	0	0	4	-99	-99
295	0	0	4	-99	-99
296	0	0	4	-99	-99
297	0	0	4	-99	-99
298	0	0	4	-99	-99
299	0	0	4	-99	-99
300	0	0	4	-99	-99
301	0	0	4	-99	-99
302	0	0	4	-99	-99
303	0	0	4	-99	-99
304	0	0	4	-99	-99
305	0	0	4	-99	-99
306	0	0	4	-99	-99
307	0	0	4	-99	-99
308	0	0	4	-99	-99
309	0	0	4	-99	-99
310	0	0	4	-99	-99
311	0	0	4	-99	-99
312	0	0	4	-99	-99
313	0	0	4	-99	-99
314	0	0	4	-99	-99
315	0	0	4	-99	-99
316	0	0	4	-99	-99
317	0	0	4	-99	-99
318	0	0	4	-99	-99
319	0	0	4	-99	-99
320	0	0	4	-99	-99
321	0	0	4	-99	-99
322	0	0	4	-99	-99
323	0	0	4	-99	-99
324	0	0	4	-99	-99
325	0	0	4	-99	-99
326	0	0	4	-99	-99
327	0	0	4	-99	-99
328	0	0	4	-99	-99
329	0	0	4	-99	-99
330	0	0	4	-99	-99
331	0	0	4	-99	-99
332	0	0	4	-99	-99
333	0	0	4	-99	-99
334	0	0	4	-99	-99
335	0	0	4	-99	-99
336	0	0	4	-99	-99
337	0	0	4	-99	-99
338	0	0	4	-99	-99
339	0	0	4	-99	-99
340	0	0	4	-99	-99
341	0	0	4	-99	-99
342	0	0	4	-99	-99
343	0	0	4	-99	-99
344	0	0	4	-99	-99
345	0	0	4	-99	-99
346	0	0	4	-99	-99
347	0	0	4	-99	-99
348	0	0	4	-99	-99
349	0	0	4	-99	-99
350	0	0	4	-99	-99
351	0	0	4	-99	-99
352	0	0	4	-99	-99
353	0	0	4	-99	-99
354	0	0	4	-99	-99
355	0	0	4	-99	-99
356	0	0	4	-99	-99
357	0	0	4	-99	-99
358	0	0	4	-99	-99
359	0	0	4	-99	-99
360	0	0	4	-99	-99
361	0	0	4	-99	-99
0					
