2	4	0	1	0		
0						
1	320	424	1.896402497	17.453	15.19393939	-31.01
2	320	424	4.158856886	18.481	19.74166667	-32.25
3	320	424	0.3533669249	23.192	20	-31.75
4	320	431	0.1570519666	-99	22.94285714	-32.04
5	320	431	0	22.134	12.4319797	-31.46
6	320	431	0.458068236	18.81	15.17286432	-30.81
7	320	444	0.7281500271	19.532	55.47	-30.86
8	320	444	4.403589908	20.227	-99	-32.25
9	320	444	1.921577004	21.098	17.77061069	-30.97
10	321	416	0.2748409416	19.75	14.65283019	-31.34
11	321	416	0.6674708582	14.885	21.57540984	-31.82
12	321	416	3.590532892	17.441	18.49417476	-31.39
13	321	437	1.226968489	24.175	18.75140845	-30.91
14	321	437	3.097413786	18.532	15.89372694	-31.59
15	321	437	0.6282078666	17.319	15.51032609	-31.26
16	321	451	4.072780327	24.303	18.02920354	-30.89
17	321	451	1.809666979	22.02	23.36428571	-99
18	321	451	0.03926299166	19.94	20.44534884	-30.95
19	322	384	1.334941716	23.355	19.59762846	-31.1
20	322	384	4.305841419	23.179	18.46818182	-31.97
21	322	384	1.032055781	19.785	15.33382353	-33
22	322	419	0.117788975	23.389	15.28668731	-31.54
23	322	419	0.229034118	16.2	13.59264706	-31.28
24	322	419	0.1745021852	18.25	14.60389016	-31.07
25	322	452	0.3141039333	20.756	18.64153846	-31.67
26	322	452	0.458068236	22.385	14.99831933	-29.57
27	322	452	0	20.02	22.08305085	-99
28	323	364	8.257443402	24.025	15.6125	-30.32
29	323	364	1.148442506	21.262	9.721341463	-31.62
30	323	364	0.6282078666	19.442	12.57761194	-32.01
31	323	376	3.337354291	-99	16.66520376	-30.96
32	323	376	1.099363766	22.489	20.22876712	-31.53
33	323	376	0.7852598332	23.232	12.43443396	-31.05
34	323	455	1.05573822	-99	20.10185185	-31.85
35	323	455	10.07750119	-99	18.70592593	-31.13
36	323	455	1.531256675	20.014	-99	-30.88
37	324	438	0.4240403099	16.584	11.84073107	-32.46
38	324	438	1.525647676	-99	14.06164384	-32.12
39	324	438	0	-99	14.65916031	-30.87
40	324	386	0.1963149583	17.984	13.25344828	-31.45
41	324	386	0.2094026222	16.995	-99	-99
42	324	386	0	-99	-99	-99
43	325	381	0.7459968415	16.743	11.52716049	-31.54
44	325	381	0.1963149583	17.032	19.58741259	-99
45	325	381	0.1570519666	19.005	19.65390625	-99
46	325	432	0.3926299166	19.978	11.69002558	-31.24
47	325	432	0.8506981526	-99	17.89635036	-31.53
48	325	432	0.3141039333	-99	17.63492063	-31.9
49	325	387	0.8794910132	21.44	-99	-99
50	325	387	0.4711558999	23.145	-99	-31.56
51	325	387	0.07852598332	18.219	21.79797297	-31.9
52	326	426	0.9423117998	-99	16.2922179	-99
53	326	426	0	20.579	19.37058824	-29.96
54	326	426	0.117788975	20.315	11.94693878	-99
55	326	439	-99	25.951	22.69310345	-31.63
56	326	439	0.117788975	-99	16.72777778	-99
57	326	439	-99	13.39	-99	-99
58	327	371	1.869198853	19.512	14.66641509	-31.73
59	327	371	0.4711558999	19.87	26.17727273	-99
60	327	371	5.519802047	19.394	-99	-33.49
61	327	433	0	24.932	13.26842105	-32.26
62	327	433	0.23557795	24.474	-99	-99
63	327	433	0.1963149583	22.088	12.25137931	-31.69
64	327	462	0.3769247199	21.111	-99	-99
65	327	462	0	19.482	18.89918033	-30.35
66	327	462	0.3141039333	18.28	41.68181818	-31.84
67	328	370	1.590151162	18.568	14.7077381	-30.83
68	328	370	0.7145864482	23.836	17.31181102	-31.45
69	328	370	0.3926299166	19.45	19.59692308	-31.48
70	328	430	0.5889448749	24.414	16.89431818	-31.58
71	328	430	0.117788975	20.951	11.71166667	-30.98
72	328	430	0.6282078666	23.717	15.13529412	-30.89
73	328	441	1.609782658	22.042	16.75157895	-29.49
74	328	441	0.6282078666	20.35	21.50666667	-30.32
75	328	441	3.08667519	-99	20.61265823	-29.96
76	329	411	0.23557795	15.81	11.03442211	-30.33
77	329	411	0	-99	13.47167235	-31.11
78	329	411	0.1963149583	21.273	12.81878788	-31.66
79	329	442	4.631019529	18.193	16.76451613	-99
80	329	442	0.4038479142	21.69	-99	-31.36
81	329	442	0.23557795	20.286	15.92371134	-31.53
82	330	405	0.23557795	23.884	17.05873016	-30.91
83	330	405	0.4907873957	17.558	13.47	-99
84	330	405	2.198727533	20.837	20.45686275	-31.71
85	330	391	1.17788975	-99	18.32952381	-30
86	330	391	0.2748409416	18.47	17.12272727	-31.85
87	330	391	0.7198215138	21.065	14.45106383	-30.93
88	330	379	-99	22.191	-99	-29.54
89	330	379	0.6046500716	20.767	16.84985673	-31.31
90	330	379	0.9069751073	20.881	20.99855072	-29.75
91	331	388	0.7852598332	16.068	15.38768657	-31.53
92	331	388	0.7459968415	19.738	-99	-29.96
93	331	388	0.2019239571	-99	15.10851064	-99
94	331	365	0.7852598332	19.433	18.61636364	-30.74
95	331	365	0.07852598332	17.331	18.09178082	-99
96	331	365	0.8637858165	17.915	16.6895288	-30.51
97	331	454	0.117788975	23.045	20.89147287	-30.7
98	331	454	2.251078188	20.677	-99	-99
99	331	454	0.1963149583	23.072	15.71273885	-30.59
100	332	428	0.1766834625	-99	15.52362637	-30.7
101	332	428	0.9187540048	22.165	25.86923077	-31.98
102	332	428	1.64904565	24.008	20.92325581	-31.6
103	332	464	0.3589759237	23.027	15.97889908	-32.05
104	332	464	1.219462329	-99	14.26282051	-30.86
105	332	464	1.084640145	22.333	28.6175	-31.06
106	333	407	0.1963149583	18.683	17.31964286	-29.93
107	333	407	1.465818355	21.523	22.84862385	-31.04
108	333	407	0.2748409416	22.474	11.86376147	-28.83
109	333	374	0.3533669249	21.263	13.08170732	-99
110	333	374	2.628913355	-99	-99	-29.66
111	334	369	0.7572148392	17.546	17.73343849	-31.28
112	334	369	0.4711558999	-99	13.78407407	-30.93
113	334	369	0.7852598332	23.225	11.71561866	-30.54
114	334	458	1.923886591	26.234	16.24285714	-30.83
115	334	458	1.991704486	23.666	11.95123967	-30.68
116	334	458	0.8288853795	24.502	13.53144059	-30.22
117	334	382	0	23.65	-99	-30.93
118	334	382	5.205150894	24.659	-99	-30.32
119	334	382	0.117788975	17.085	21.95470085	-31.03
120	335	375	1.374204708	23.555	18.85735608	-30.65
121	335	375	6.309392051	21.434	21.23333333	-30.49
122	335	375	0.3141039333	19.764	17.68387097	-99
123	335	465	1.435903695	-99	17.19778761	-30.65
124	335	465	1.138626758	20.85	15.54408602	-30.31
125	335	465	0	-99	13.70337079	-30.93
126	335	466	0	20.298	17.39691358	-30.51
127	335	466	3.766226969	23.23	25.77391304	-31.9
128	335	466	0.23557795	19.298	25.79	-30.89
129	336	380	0.8076958284	15.81	13.09427793	-31.93
130	336	380	0.4711558999	15.676	15.71111111	-30.73
131	336	380	0.2748409416	17.31	13.02666667	-31.66
132	336	366	2.8269354	-99	21.44216867	-31.66
133	336	366	1.349219168	15.185	16.55511983	-99
134	336	366	0.5104188916	17.661	16.46655738	-99
135	336	367	0.5889448749	21.171	21.73571429	-31.99
136	336	367	0.117788975	18.071	19.22888889	-31.34
137	336	367	0.3533669249	20.493	20.47213115	-31.66
138	337	412	0.7459968415	20.588	14.40605042	-31.22
139	337	412	2.219212572	20.518	21.88888889	-30.13
140	337	412	-99	20.817	13.1293578	-29.9
141	337	413	4.462123523	-99	15.32377049	-31.61
142	337	413	1.37189512	-99	-99	-31.61
143	337	413	0.2748409416	21.1	-99	-30.11
144	338	447	0.8525678189	20.875	19.59185393	-32.29
145	338	447	1.221515296	20.349	15.27881773	-31.96
146	338	447	0.1570519666	-99	10.49090909	-30.15
147	338	378	0	21.287	18.66757991	-31.57
148	338	378	0.1570519666	-99	16.41538462	-99
149	339	436	1.264268331	-99	19.45389222	-31.64
150	339	436	-99	17.738	-99	-32.89
151	339	436	-99	24.119	23.46721311	-32.16
152	339	440	0.4711558999	25.945	18.16097561	-32.1
153	339	440	1.256415733	22.033	14.68845361	-31.26
154	339	440	0.3589759237	-99	22.11978022	-32.54
155	339	457	0.3533669249	20.491	17.75714286	-31.15
156	339	457	0.2748409416	19.33	32.6475	-30.88
157	339	457	0.3533669249	23.017	12.64583333	-99
158	340	398	0.4122614124	20.151	15.02816456	-99
159	340	398	1.752111003	21.199	14.216	-32.36
160	340	398	0.5104188916	22.323	20.31842105	-30.34
161	340	446	0.7852598332	-99	15.96103896	-30.38
162	340	446	1.276047229	23.088	-99	-99
163	340	446	1.13077416	-99	23.8025641	-99
164	341	403	0.3141039333	21.454	14.60617761	-31.24
165	341	403	0.5653870799	22.739	12.77516779	-99
166	341	403	1.420011532	19.352	21.36515152	-31.39
167	341	406	0.3926299166	-99	18.27131474	-31.75
168	341	406	0.117788975	-99	23.33454545	-30.86
169	341	406	0.1766834625	16.635	13.86541353	-99
170	341	423	0.3926299166	20.099	17.95686275	-30.38
171	341	423	0.9966759421	15.79	15.38736264	-30.02
172	341	423	0.3926299166	-99	-99	-31.07
173	342	408	0.117788975	19.829	15.84886878	-30.35
174	342	408	0.7852598332	16.35	18.36117647	-32.52
175	342	408	1.020837783	21.658	13.8011236	-30.36
176	342	421	0.4711558999	21.239	18.92647059	-29.9
177	342	421	1.8846236	-99	12.71276596	-30.58
178	342	421	0.4077310672	-99	-99	-30.96
179	343	361	0.1963149583	26.379	17.99471698	-31.9
180	343	361	0.2944724374	27.268	17.30269461	-31.43
181	343	361	0.03926299166	21.92	15.03542857	-31.92
182	343	395	4.177582313	-99	15.13863636	-32.12
183	343	395	1.312505721	23.073	20.68974359	-32.1
184	343	395	2.83297586	-99	17.32073171	-31.39
185	343	383	1.17788975	20.076	16.82272727	-31.8
186	343	383	0.673079857	-99	-99	-99
187	343	383	0.9423117998	23.537	26.74626866	-30.96
188	344	400	0.3141039333	23.535	24.87727273	-32.01
189	344	400	-99	20.809	24.4893617	-32.09
190	344	400	0.23557795	16.385	43.66190476	-32.69
191	344	404	0.5104188916	25.111	13.95438596	-31.11
192	344	404	0.8637858165	19.042	-99	-99
193	344	404	0.3141039333	23.064	15.10909091	-31.76
194	344	418	0.7067338499	23.918	-99	-31.49
195	344	418	1.465818355	22.675	-99	-31.3
196	344	418	0	27.75	22.2015625	-30.26
197	345	420	2.187509535	16.615	33.289	-31.66
198	345	420	0.117788975	16.366	17.52536585	-31.53
199	345	420	0.07852598332	27.127	-99	-32.31
200	345	435	1.4134677	20.031	22.8387931	-31.78
201	345	435	0.07852598332	-99	15.6989011	-32.16
202	345	435	0.07852598332	26.392	14.56585956	-30.63
203	345	453	-99	20.954	-99	-99
204	345	453	0.117788975	21.377	15.01714286	-99
205	345	453	0.4122614124	17.245	-99	-31.79
206	346	397	0.23557795	21.334	15.248	-32.78
207	346	397	0.23557795	20.297	11.23824363	-31.74
208	346	397	0.3298091299	24.707	13.14615385	-31.1
209	346	450	1.14517059	17.238	16.44486692	-31.67
210	346	450	0.4240403099	26.317	16.80186916	-31.79
211	346	450	0.6282078666	19.209	22.9253012	-99
212	347	362	0.1570519666	22.18	16.67129032	-99
213	347	362	0.5104188916	17.612	17.74628099	-31.42
214	347	362	0.4122614124	19.986	16.43450704	-30.87
215	347	463	0.6478393624	-99	21.644	-31.4
216	347	463	0.5104188916	19.599	-99	-30.76
217	347	463	0.8834173123	16.648	25.80652174	-30.88
218	348	394	0.03926299166	21.473	13.02090592	-32.87
219	348	394	0.2243599523	22.042	16.74457831	-31.48
220	348	394	1.759695899	16.22	22.65068493	-32.7
221	348	456	3.905031712	25.021	15.28348624	-31.83
222	348	456	3.694290579	20.962	17.771875	-31.41
223	348	456	0.3533669249	23.065	14.91367521	-30.67
224	348	459	0.2094026222	-99	-99	-30.03
225	348	459	0.3533669249	21	-99	-31.02
226	348	459	0	16.2	19.67590361	-31.19
227	349	401	0.3533669249	22.6	19.132	-29.9
228	349	401	0	20.945	13.65806452	-31.19
229	349	401	0	21.382	15.3826087	-31.8
230	349	434	1.539109273	17.792	16.05358852	-31.76
231	349	434	0	19.136	16.4952381	-99
232	349	434	0.1570519666	18.615	13.80930233	-99
233	349	443	0.5608998809	19.062	-99	-31.08
234	349	443	-99	17.911	-99	-99
235	349	443	3.631826729	-99	16.59513889	-99
236	350	415	0.117788975	21.57	16.31107266	-33
237	350	415	0.1963149583	20.836	12.4986755	-32.06
238	350	415	0.23557795	20.972	27.575	-32.16
239	350	396	0.9423117998	23.937	15.76645161	-31.79
240	350	396	0	22.17	14.41360544	-30.75
241	350	396	0.7572148392	18.234	13.08161435	-99
242	350	449	0.4983379711	-99	17.19090909	-31.41
243	350	449	0.3847773183	16.332	-99	-31.35
244	350	449	0.3926299166	18.56	-99	-32.28
245	351	429	0	22.301	13.87085253	-32.28
246	351	429	3.49209667	22.038	15.08535565	-31.57
247	351	429	0.4318929083	-99	13.28607595	-99
248	351	360	1.17788975	-99	19.84127907	-31.94
249	351	360	0.7018259759	23.664	16.48108108	-30.35
250	351	360	3.756159535	-99	18.14857143	-99
251	351	390	2.277253516	21.328	-99	-99
252	351	390	0	19.844	22.41142857	-30.68
253	351	390	0.3141039333	17.85	-99	-31.33
254	352	409	3.600522451	21.743	14.02288136	-99
255	352	409	1.570519666	21.239	31.05357143	-32.08
256	352	409	-99	21.142	26.01904762	-31.66
257	352	425	0.3141039333	22.2	17.62459547	-30.62
258	352	425	0.3926299166	21.566	19.27272727	-30.27
259	352	425	1.570519666	22.469	14.08345324	-31.75
260	352	460	0	25.3	18.54509804	-30.38
261	352	460	0.4318929083	-99	15.23627451	-30.67
262	352	460	0.117788975	19.631	-99	-99
263	353	393	1.786466121	22.24	16.42491349	-30.95
264	353	393	4.532844692	21.456	13.36587838	-30.43
265	353	393	0.7329091776	20.003	16.01149425	-99
266	353	461	1.020837783	23.525	13.23412463	-30.98
267	353	461	0.5889448749	20.653	17.09692308	-31.29
268	353	461	0.3141039333	-99	17.91727273	-32.36
269	354	427	1.090638657	18.638	13.71548387	-32.07
270	354	427	4.423630394	19.056	14.23073394	-31.54
271	354	427	0.23557795	16.714	13.61011905	-32.19
272	354	373	0.2748409416	-99	16.83665595	-32.23
273	354	373	0.4907873957	-99	22.14383562	-31.56
274	354	373	0.117788975	17.622	15.40923077	-31.32
275	354	445	0.4188052444	20.792	16.91910112	-31.05
276	354	445	-99	22.309	-99	-30.5
277	354	445	0.9717590436	20.638	-99	-32.91
278	355	402	0.6282078666	14.48	12.70922509	-30.8
279	355	402	0.9815747915	24.839	13.29259259	-32.18
280	355	402	0.3141039333	22.266	12.45463259	-31.99
281	355	363	4.09456913	20.682	14.60918367	-31.14
282	355	363	1.17788975	20.454	14.45699797	-31.18
283	355	363	0.4318929083	20.265	10.09469548	-31.42
284	355	372	0.2748409416	19.898	-99	-30.83
285	355	372	2.8269354	19.72	20.10169492	-30.8
286	355	372	0.5496818832	17.98	21.01941748	-30.94
287	356	448	0.9030488082	22.863	12.02947368	-32.09
288	356	448	0.6412955304	21.094	15.99677419	-32.75
289	356	448	0.5496818832	22.41	15.13257576	-32.26
290	356	399	-99	19.532	14.06603774	-99
291	356	399	0.3926299166	24.119	18.77083333	-31.69
292	356	399	0.1963149583	20.511	31.22333333	-31.69
293	357	410	0.687102354	21.008	14.23369565	-33.23
294	357	410	0.07852598332	19.555	13.43397436	-32.52
295	357	410	0	19.416	-99	-32.55
296	357	377	0.3533669249	-99	17.53088235	-31.04
297	357	377	0	19.554	12.09069767	-99
298	357	377	0.03926299166	19.603	17.79809524	-99
299	357	414	0.5671321018	19.798	17.14367816	-31.23
300	357	414	1.677090644	18.262	-99	-99
301	357	414	0.8637858165	14.124	-99	-99
302	358	385	3.937517164	20.256	12.86533333	-31.09
303	358	385	1.855176356	21.178	12.72631579	-31.88
304	358	385	1.456300054	21.32	16.50325203	-32.47
305	358	368	1.295678725	23.229	17.17558685	-30.53
306	358	368	1.587969885	18.584	12.52420749	-31.24
307	358	368	0.4417086562	-99	15.87956989	-31.22
308	358	417	0.4907873957	19.882	21.5016129	-99
309	358	417	0.4907873957	19.816	-99	-30.74
310	358	417	0.07852598332	20.002	26.46785714	-31.29
311	359	392	0	11.021	13.43846154	-30.62
312	359	392	0.7918036651	19.315	16.81238671	-29.64
313	359	392	1.256415733	15.053	19.97142857	-31.4
314	359	389	0.8581768177	17.782	18.97024129	-30.02
315	359	389	2.253695721	16.459	15.12448133	-30.57
316	359	389	0.8637858165	22.729	17.67431907	-31.55
317	359	422	0.2748409416	-99	12.79081081	-30.23
318	359	422	1.025745657	16.57	55.96153846	-31.65
319	359	422	0.6282078666	19.996	24.01216216	-30.74
320	0	0	-99	-99	-99	-99
321	0	0	-99	-99	-99	-99
322	0	0	-99	-99	-99	-99
323	0	0	-99	-99	-99	-99
324	0	0	-99	-99	-99	-99
325	0	0	-99	-99	-99	-99
326	0	0	-99	-99	-99	-99
327	0	0	-99	-99	-99	-99
328	0	0	-99	-99	-99	-99
329	0	0	-99	-99	-99	-99
330	0	0	-99	-99	-99	-99
331	0	0	-99	-99	-99	-99
332	0	0	-99	-99	-99	-99
333	0	0	-99	-99	-99	-99
334	0	0	-99	-99	-99	-99
335	0	0	-99	-99	-99	-99
336	0	0	-99	-99	-99	-99
337	0	0	-99	-99	-99	-99
338	0	0	-99	-99	-99	-99
339	0	0	-99	-99	-99	-99
340	0	0	-99	-99	-99	-99
341	0	0	-99	-99	-99	-99
342	0	0	-99	-99	-99	-99
343	0	0	-99	-99	-99	-99
344	0	0	-99	-99	-99	-99
345	0	0	-99	-99	-99	-99
346	0	0	-99	-99	-99	-99
347	0	0	-99	-99	-99	-99
348	0	0	-99	-99	-99	-99
349	0	0	-99	-99	-99	-99
350	0	0	-99	-99	-99	-99
351	0	0	-99	-99	-99	-99
352	0	0	-99	-99	-99	-99
353	0	0	-99	-99	-99	-99
354	0	0	-99	-99	-99	-99
355	0	0	-99	-99	-99	-99
356	0	0	-99	-99	-99	-99
357	0	0	-99	-99	-99	-99
358	0	0	-99	-99	-99	-99
359	0	0	-99	-99	-99	-99
360	0	0	-99	-99	-99	-99
361	0	0	-99	-99	-99	-99
362	0	0	-99	-99	-99	-99
363	0	0	-99	-99	-99	-99
364	0	0	-99	-99	-99	-99
365	0	0	-99	-99	-99	-99
366	0	0	-99	-99	-99	-99
367	0	0	-99	-99	-99	-99
368	0	0	-99	-99	-99	-99
369	0	0	-99	-99	-99	-99
370	0	0	-99	-99	-99	-99
371	0	0	-99	-99	-99	-99
372	0	0	-99	-99	-99	-99
373	0	0	-99	-99	-99	-99
374	0	0	-99	-99	-99	-99
375	0	0	-99	-99	-99	-99
376	0	0	-99	-99	-99	-99
377	0	0	-99	-99	-99	-99
378	0	0	-99	-99	-99	-99
379	0	0	-99	-99	-99	-99
380	0	0	-99	-99	-99	-99
381	0	0	-99	-99	-99	-99
382	0	0	-99	-99	-99	-99
383	0	0	-99	-99	-99	-99
384	0	0	-99	-99	-99	-99
385	0	0	-99	-99	-99	-99
386	0	0	-99	-99	-99	-99
387	0	0	-99	-99	-99	-99
388	0	0	-99	-99	-99	-99
389	0	0	-99	-99	-99	-99
390	0	0	-99	-99	-99	-99
391	0	0	-99	-99	-99	-99
392	0	0	-99	-99	-99	-99
393	0	0	-99	-99	-99	-99
394	0	0	-99	-99	-99	-99
395	0	0	-99	-99	-99	-99
396	0	0	-99	-99	-99	-99
397	0	0	-99	-99	-99	-99
398	0	0	-99	-99	-99	-99
399	0	0	-99	-99	-99	-99
400	0	0	-99	-99	-99	-99
401	0	0	-99	-99	-99	-99
402	0	0	-99	-99	-99	-99
403	0	0	-99	-99	-99	-99
404	0	0	-99	-99	-99	-99
405	0	0	-99	-99	-99	-99
406	0	0	-99	-99	-99	-99
407	0	0	-99	-99	-99	-99
408	0	0	-99	-99	-99	-99
409	0	0	-99	-99	-99	-99
410	0	0	-99	-99	-99	-99
411	0	0	-99	-99	-99	-99
412	0	0	-99	-99	-99	-99
413	0	0	-99	-99	-99	-99
414	0	0	-99	-99	-99	-99
415	0	0	-99	-99	-99	-99
416	0	0	-99	-99	-99	-99
417	0	0	-99	-99	-99	-99
418	0	0	-99	-99	-99	-99
419	0	0	-99	-99	-99	-99
420	0	0	-99	-99	-99	-99
421	0	0	-99	-99	-99	-99
422	0	0	-99	-99	-99	-99
423	0	0	-99	-99	-99	-99
424	0	0	-99	-99	-99	-99
425	0	0	-99	-99	-99	-99
426	0	0	-99	-99	-99	-99
427	0	0	-99	-99	-99	-99
428	0	0	-99	-99	-99	-99
429	0	0	-99	-99	-99	-99
430	0	0	-99	-99	-99	-99
431	0	0	-99	-99	-99	-99
432	0	0	-99	-99	-99	-99
433	0	0	-99	-99	-99	-99
434	0	0	-99	-99	-99	-99
435	0	0	-99	-99	-99	-99
436	0	0	-99	-99	-99	-99
437	0	0	-99	-99	-99	-99
438	0	0	-99	-99	-99	-99
439	0	0	-99	-99	-99	-99
440	0	0	-99	-99	-99	-99
441	0	0	-99	-99	-99	-99
442	0	0	-99	-99	-99	-99
443	0	0	-99	-99	-99	-99
444	0	0	-99	-99	-99	-99
445	0	0	-99	-99	-99	-99
446	0	0	-99	-99	-99	-99
447	0	0	-99	-99	-99	-99
448	0	0	-99	-99	-99	-99
449	0	0	-99	-99	-99	-99
450	0	0	-99	-99	-99	-99
451	0	0	-99	-99	-99	-99
452	0	0	-99	-99	-99	-99
453	0	0	-99	-99	-99	-99
454	0	0	-99	-99	-99	-99
455	0	0	-99	-99	-99	-99
456	0	0	-99	-99	-99	-99
457	0	0	-99	-99	-99	-99
458	0	0	-99	-99	-99	-99
459	0	0	-99	-99	-99	-99
460	0	0	-99	-99	-99	-99
461	0	0	-99	-99	-99	-99
462	0	0	-99	-99	-99	-99
463	0	0	-99	-99	-99	-99
464	0	0	-99	-99	-99	-99
465	0	0	-99	-99	-99	-99
466	0	0	-99	-99	-99	-99
0						