2	4	0	1	0		
0						
1	350	399	0	23.268	21.44746377	-29.47
2	350	400	461.559322	18.869	16.42918149	-28.25
3	350	401	31	26.085	15.74875346	-28.18
4	350	399	237.0731707	24.57	24.87272727	-29.43
5	350	400	37	24.851	-99	-29.4
6	350	399	0	-99	-99	-99
7	350	401	0	-99	-99	-29.07
8	351	402	46.94117647	22.73	13.8155303	-30.27
9	351	403	10	23.13	20.50291005	-30.37
10	351	404	20	25.728	10.05442478	-29.12
11	351	404	0	19.577	26.25876777	-29.46
12	352	405	20	-99	13.86840796	-30.25
13	352	406	6	21.753	44.05132275	-29.55
14	352	407	30.88235294	20.16	-99	-28.91
15	352	406	0	23.372	-99	-99
16	352	407	47	21.626	-99	-29.22
17	352	405	0	-99	15.63070175	-30.33
18	353	408	10	27.185	-99	-30.13
19	353	409	199	24.788	17.88117783	-30.47
20	353	410	60	21.357	14.74623656	-31.33
21	353	410	28.8	25.387	33.19399478	-29.03
22	353	408	15.6	23.975	22.7504298	-31.52
23	353	408	57	-99	13.58972603	-30.7
24	353	410	-99	28.809	18.17385399	-99
25	354	411	26.88888889	27.49	13.40553403	-29.44
26	354	411	32	22.189	-99	-30.21
27	354	412	0	19.78	18.2123789	-28.79
28	354	413	4	24.76	-99	-28.35
29	354	411	0	18.154	-99	-30.03
30	354	413	0	22.543	-99	-28.93
31	354	412	0	22.764	-99	-99
32	355	414	4	28.124	-99	-31.07
33	355	415	0	29.533	-99	-31.23
34	355	416	0	21.157	16.33347315	-99
35	355	416	0	24.75	-99	-29.49
36	355	414	10.8	23.045	20.78329764	-30.5
37	355	416	21	28.247	-99	-29.17
38	355	414	0	-99	-99	-99
39	356	417	4	26.154	-99	-29.87
40	356	418	119	19.351	14.66825843	-30.5
41	356	419	0	-99	-99	-99
42	356	419	0	26.998	-99	-99
43	356	417	1	23.721	-99	-99
44	356	417	7	31.788	-99	-99
45	357	420	47	27.811	17.75132075	-28.87
46	357	421	164.2857143	27.055	-99	-28.31
47	357	420	1	24.401	22.39969231	-29.44
48	357	422	0	29.058	-99	-99
49	357	421	0	22.597	-99	-27.97
50	357	420	22.66666667	26.95	29.52982456	-30.72
51	358	423	67.5	26.2	14.62938776	-27.92
52	358	424	54	27.035	22.2987013	-30.65
53	358	423	0	-99	20.05878594	-27.82
54	358	425	17.33333333	26.39	13.18585859	-99
55	358	423	16	21.306	15.00248963	-27.79
56	358	424	0	21.979	-99	-99
57	358	425	0	22.55	-99	-99
58	358	424	9	20.885	-99	-29.47
59	359	426	41.14285714	25.788	20.56253968	-29.54
60	359	427	8	-99	11.53218143	-29.68
61	359	428	1	25.302	-99	-30.73
62	359	427	14	22.238	21.43011152	-28.93
63	360	429	0	21.71	-99	-99
64	360	430	0	26.527	13.23389831	-29.96
65	360	431	108.625	31.866	24.41067073	-30.1
66	360	429	0	18.903	-99	-27.5
67	360	431	0	22.236	-99	-99
68	360	430	0	31.57	-99	-30.34
69	361	432	7	19.278	22.82191781	-31.78
70	361	433	39.46666667	27.418	-99	-30.77
71	361	433	14	25.15	-99	-28.8
72	361	433	37	32.307	15.70354267	-29.51
73	361	432	54	21.141	20.52089552	-28.4
74	361	434	123	26.011	16.142723	-29.95
75	361	434	36	-99	22.47567568	-30.34
76	361	432	20	-99	-99	-99
77	361	434	76	29.505	24.28514056	-30.67
78	362	435	-99	23.113	19.11764192	-32.87
79	362	436	20	20.627	-99	-29.14
80	362	435	146.6538462	27.164	-99	-28.1
81	362	436	8	20.6	22.42081448	-27.89
82	362	437	48	23.148	-99	-28.67
83	362	437	0	25.054	12.21791045	-26.16
84	362	435	19	24.69	-99	-28.57
85	362	436	36	17.223	-99	-28.72
86	363	438	10	34.038	11.65443235	-29.56
87	363	439	0	30.526	12.29893939	-99
88	363	438	32	27.367	-99	-30.74
89	363	439	24	21.117	20.4547329	-30.52
90	363	440	0	22.371	-99	-29.89
91	363	439	155.8709677	23.957	21.17140496	-29.86
92	363	438	2	18.916	-99	-28.73
93	363	440	84	27.3	-99	-28.4
94	363	440	0	26.675	-99	-29.69
95	364	441	0	24.033	15.28245902	-30.19
96	364	442	67.14285714	25.248	-99	-31.22
97	364	441	227.9571429	25.566	17.8428125	-30.31
98	364	442	97.53333333	23.718	16.44402516	-29.92
99	364	443	12	22.122	13.73904494	-26.33
100	364	442	0	20.893	15.63050847	-29.37
101	364	441	0	23.358	14.81690341	-99
102	365	444	7	36.822	-99	-31.13
103	365	445	0	-99	17.00200573	-29.01
104	365	446	7	24.261	16.06754177	-29.91
105	365	446	0	32.462	17.43715847	-30.22
106	365	445	26.18181818	20.843	17.47011494	-28.42
107	365	444	2	23.241	-99	-30.27
108	365	446	0	-99	-99	-28.66
109	366	447	6	27.69	-99	-30.76
110	366	448	5	18.848	20.81148325	-30.07
111	366	449	4	23.56	13.95053191	-30.13
112	366	447	64	30.171	17.6781768	-30.05
113	366	447	7	23.453	-99	-28.29
114	366	449	5	-99	34.69333333	-99
115	366	448	23	16.202	15.69405685	-28.93
116	366	448	10	28.888	-99	-29.47
117	366	449	14	25.465	-99	-27.99
118	367	450	18.77777778	-99	-99	-27.94
119	367	451	8	28.737	10.79773585	-99
120	367	451	11.66666667	26.442	-99	-30.22
121	367	452	11	-99	-99	-29.91
122	367	450	0	24.45	-99	-99
123	367	451	4	24.56	-99	-29.01
124	368	453	82.38461538	23.73	15.25311005	-29.2
125	368	454	9	29.097	-99	-99
126	368	455	37.77777778	25.292	27.00391061	-28.47
127	368	453	0	22.052	-99	-28.54
128	368	454	0	20.93	-99	-99
129	368	454	0	24.912	11.23108108	-99
130	369	456	70	31.177	17.29306931	-29.05
131	369	457	0	15.349	-99	-27.71
132	369	458	0	27.308	17.81363636	-29.18
133	369	458	45	32.597	15.87932927	-28.26
134	369	456	13.33333333	-99	-99	-29
135	369	456	30	24.808	-99	-29.54
136	369	457	0	27.045	-99	-29.55
137	369	458	30	24.438	23.46613546	-99
138	370	459	70	26.623	16.97014925	-30.28
139	370	459	99.875	23.265	21.29455782	-99
140	370	460	63.46153846	19.851	22.56267748	-31.1
141	370	461	6	28.367	18.29208333	-99
142	370	461	37	25.012	-99	-28.7
143	370	461	5	17.769	-99	-30.01
144	370	459	0	-99	-99	-28.43
145	370	460	13.5	26.724	-99	-29.1
146	371	462	58	32.093	16.01028278	-29.61
147	371	463	8	21.733	-99	-28.28
148	371	462	4	25.156	15.73007916	-28.23
149	371	462	0	21.638	-99	-99
150	371	463	8	24.881	-99	-29.24
151	371	463	0	31.192	15.99146341	-99
152	372	464	161	18.446	-99	-30.11
153	372	464	90	24.387	12.20333333	-28.39
154	372	464	0	28.24	17.39441624	-99
155	372	465	3	31.345	21.3284585	-29.44
156	372	466	6	16.84	-99	-27.92
157	372	465	6	25.571	34.84013841	-27.2
158	372	465	7.714285714	26.229	-99	-29.01
159	373	467	16	28.32	14.41277778	-29.66
160	373	468	0	23.025	-99	-29.04
161	373	469	24	24.971	22.12121212	-30.76
162	373	467	11	23.277	15.90267983	-30.73
163	373	468	0	17.897	18.66038961	-29.79
164	373	469	0	23.474	-99	-99
165	373	469	0	23.398	18.46371681	-29.22
166	373	467	5	26.33	20.44702381	-28.38
167	374	470	1.5	-99	22.30728745	-30.75
168	374	471	98.86363636	15.928	13.38122677	-29.73
169	374	470	41	34.029	-99	-30.11
170	374	472	35	20.981	16.46204545	-29.23
171	374	471	0	-99	-99	-28.5
172	374	471	13	28.68	16.72151589	-99
173	375	473	23.15789474	26.154	3.158565401	-29.17
174	375	474	11.42857143	24.368	-99	-28.12
175	375	475	23.83333333	32.478	-99	-28.05
176	375	473	13.33333333	23.69	13.84724265	-29.94
177	375	474	0	-99	-99	-29.91
178	375	473	0	21.16	-99	-99
179	375	475	1	29.574	25.76011905	-30.2
180	376	476	78.75	29.362	14.49320388	-29.56
181	376	476	47.125	26.132	9.171984436	-31.6
182	376	477	89	22.374	-99	-29.98
183	376	478	21	28.266	14.55842697	-29.81
184	376	478	0	-99	-99	-99
185	376	477	37.09090909	-99	18.63821656	-29.93
186	376	477	0	27.519	10.0732906	-28.44
187	376	478	0	32.367	15.89137577	-26.02
188	377	479	3	29.72	-99	-29.67
189	377	480	15	33.443	-99	-30.8
190	377	480	60	15.337	22.13619048	-31.58
191	377	481	0	22.079	23.47772727	-99
192	377	481	8	-99	-99	-30.48
193	377	481	4.5	-99	18.62073343	-29.38
194	377	480	-99	21.607	22.92633929	-29.07
195	377	479	0	22.439	14.92122449	-99
196	377	479	8	23.978	-99	-30.3
197	378	482	15	29.344	13.48180737	-29.64
198	378	483	0	23.193	14.87436762	-99
199	378	484	0	26.928	25.17763819	-29.82
200	378	484	0	27.43	8.365871833	-28.85
201	378	483	1	24.27	17.2343949	-31.04
202	378	482	0	-99	-99	-99
203	378	484	4	28.117	12.84978723	-28.94
204	379	485	42	27.518	13.805	-31.01
205	379	486	4.666666667	19.711	22.75928571	-29.04
206	379	485	2	21.791	19.76157895	-29.95
207	379	486	0	17.769	-99	-99
208	379	487	7.5	33.013	11.28502825	-30.14
209	379	487	0	-99	-99	-28.93
210	379	487	0	30.466	-99	-28.49
211	379	486	3	24.301	-99	-28.74
212	380	488	24.42857143	24.036	13.31875694	-28.91
213	380	488	116.0526316	25.271	13.83709677	-28.16
214	380	489	10	28.009	-99	-29.8
215	380	490	60.05555556	22.531	21.03	-30.23
216	380	489	0	23.01	-99	-28.75
217	380	490	0	39.97	-99	-29.25
218	381	491	32	29.314	-99	-28.36
219	381	491	10	19.107	-99	-30.33
220	381	492	0	27.984	27.67653846	-29.29
221	381	493	13.5	25.643	-99	-28.75
222	381	493	2	24.493	14.40970874	-30.01
223	381	491	14	25.651	-99	-29.06
224	381	493	24	30.253	18.00896057	-29.71
225	382	494	16	28.16	12.55191257	-28.97
226	382	495	32.66666667	25.356	16.17065868	-29.41
227	382	494	4	26.874	16.69336493	-30.01
228	382	495	62.22222222	31.794	-99	-29.94
229	382	496	25.14285714	-99	-99	-26.67
230	382	494	0	18.544	-99	-99
231	382	496	0	18.205	-99	-99
232	383	497	17	30.88	19.43631068	-29.83
233	383	498	7.2	27.67	36.07733333	-27.44
234	383	498	20	15.7	-99	-28.83
235	383	499	36.4	12.541	11.72670025	-27.26
236	383	498	0	19.26	-99	-28.54
237	384	500	0	30.703	-99	-30.25
238	384	501	12	29.944	12.80735294	-99
239	384	500	4	30.414	-99	-30.6
240	384	500	0	31.101	-99	-99
241	384	502	0	26.514	15.75907591	-28.63
242	384	501	0	-99	-99	-28.01
243	384	501	100	29.986	14.78064516	-29.51
244	384	502	30	26.89	-99	-29.49
245	384	502	45.55555556	25.146	16.88009828	-29.35
246	385	503	11	30.232	-99	-30.36
247	385	504	0	20.483	14.79932105	-27.3
248	385	505	0	26.345	19.14033149	-99
249	385	504	4	-99	13.2545082	-28.58
250	385	504	2	24.934	-99	-29.64
251	385	505	2	26.804	15.55064935	-30.58
252	385	505	8	-99	-99	-31.22
253	385	503	153	28.866	-99	-99
254	386	506	122.6842105	30.459	17.44523077	-30.19
255	386	507	89	24.64	19.54378698	-30
256	386	506	19.5	22.506	14.6164076	-30.47
257	386	507	0	29.638	-99	-29.22
258	386	506	5	21.947	-99	-28.06
259	386	508	0	24.081	20.17948052	-28.86
260	386	507	0	18.713	-99	-99
261	386	508	6	21.601	14.13684211	-29.14
262	387	509	11	21.631	12.16261468	-28.82
263	387	509	25	23.628	15.51411192	-28.66
264	387	510	2	25.108	-99	-28.41
265	387	511	86	29.744	-99	-28.43
266	387	511	6	22.988	17.732116	-27.46
267	387	510	54	27.978	-99	-28.83
268	387	510	0	24.083	-99	-99
269	388	512	81.9	27.044	15.36695157	-30.74
270	388	512	16.25	27.06	13.6410473	-28.96
271	388	513	11	-99	17.29417334	-29.96
272	388	512	0	24.737	11.76822157	-99
273	388	513	9	-99	-99	-28.73
274	388	513	0	-99	-99	-27.67
275	389	514	51	22.39	35.92125	-29.97
276	389	515	201.6190476	20.225	14.69479167	-30.69
277	389	516	6	26.145	40.37619048	-30.65
278	389	515	80.36363636	24.538	19.08650794	-29.9
279	389	516	48	20.098	14.24545455	-29.07
280	389	514	-99	25.75	-99	-31.09
281	389	515	0	20.843	-99	-99
282	390	517	0	-99	17.99173014	-99
283	390	518	2	25.518	17.41617647	-28.77
284	390	517	45.33333333	24.821	-99	-29.6
285	390	517	0	25.195	-99	-99
286	390	519	3	-99	10.98505155	-27.89
287	391	520	4.857142857	26.187	13.09423256	-29.84
288	391	520	29	25.923	-99	-28.96
289	391	521	29	-99	16.37320755	-29.79
290	391	522	16.875	24.718	20.0985173	-30.74
291	391	522	5	26.616	-99	-29
292	391	520	15	23.504	13.37595628	-28.68
293	391	521	0	24.19	-99	-99
294	391	521	0	30.86	-99	-99
295	391	522	0	14.076	17.50447761	-28.69
296	392	523	86.4	19.277	-99	-31
297	392	523	234.6666667	27.957	19.05157143	-30.45
298	392	524	16.33333333	27.377	17.3364532	-30.23
299	392	524	119	22.789	11.28780488	-28.63
300	392	523	0	21.503	-99	-99
301	392	524	16	22.918	16.31440329	-30.6
302	392	525	1	21.164	-99	-29.42
303	392	525	47.30769231	29.02	23.30219561	-30.75
304	392	525	0	24.872	18.66819338	-99
305	393	526	0	25.56	19.81610044	-28.24
306	393	527	227.4782609	24.11	18.12790698	-30.27
307	393	526	0	27.747	20.85	-29.53
308	393	528	97.14285714	24.955	17.50221239	-28.32
309	393	528	70	15.933	22.25062714	-29.39
310	393	526	2	24.662	14.16824324	-28.15
311	393	528	0	26.506	-99	-28.96
312	393	527	3	26.039	20.228	-30.6
313	393	527	0	29.193	19.15433071	-27.74
314	394	529	57.75	35.281	2.74601479	-99
315	394	530	8	25.268	17.03473684	-30.46
316	394	531	52	28.12	19.26037152	-28.75
317	394	529	36	25.423	13.36650485	-28.04
318	394	529	15	27.061	23.81460674	-29.87
319	395	532	9	27.858	-99	-31.38
320	395	533	104.5	23.131	24.81555916	-99
321	395	534	0	-99	23.8	-99
322	395	533	89.14285714	32.515	13.31471774	-27.63
323	395	532	6	20.729	18.30872727	-28.21
324	395	534	0	25.691	-99	-99
325	395	532	-99	24.253	-99	-28.43
326	395	533	0	25.35	-99	-99
327	396	535	74	21.769	17.08065134	-28.83
328	396	535	32.4	28.917	16.78965517	-28.83
329	396	535	33.33333333	-99	17.12629108	-27.52
330	396	536	57.33333333	25.729	-99	-28.58
331	396	536	1	25.364	20.84738676	-26.59
332	396	537	6	28.086	9.47027027	-28.34
333	396	536	39.6	23.778	-99	-28.23
334	397	538	30.8	20.145	19.12530414	-30.9
335	397	539	119	22.76	16.13144105	-30.39
336	397	538	32.30769231	32.39	15.80170213	-30.11
337	397	538	21	17.926	15.12016129	-27.38
338	397	540	-99	-99	-99	-28.58
339	397	540	0	18.348	-99	-30.92
340	397	539	10	28.2	12.87375887	-28.25
341	397	539	-99	18.343	-99	-30.4
342	398	541	134.3333333	-99	12.89965783	-29.86
343	398	541	24	-99	-99	-28.62
344	398	542	2	26.822	16.51130952	-28.52
345	398	542	24.75	31.298	-99	-29.16
346	398	543	0	25.429	24.05787781	-28.65
347	398	542	2	-99	-99	-28.91
348	398	541	37.5	-99	-99	-29.34
349	398	543	2	19.5	-99	-29.03
350	0	0	-99	-99	-99	-99
351	0	0	-99	-99	-99	-99
352	0	0	-99	-99	-99	-99
353	0	0	-99	-99	-99	-99
354	0	0	-99	-99	-99	-99
355	0	0	-99	-99	-99	-99
356	0	0	-99	-99	-99	-99
357	0	0	-99	-99	-99	-99
358	0	0	-99	-99	-99	-99
359	0	0	-99	-99	-99	-99
360	0	0	-99	-99	-99	-99
361	0	0	-99	-99	-99	-99
362	0	0	-99	-99	-99	-99
363	0	0	-99	-99	-99	-99
364	0	0	-99	-99	-99	-99
365	0	0	-99	-99	-99	-99
366	0	0	-99	-99	-99	-99
367	0	0	-99	-99	-99	-99
368	0	0	-99	-99	-99	-99
369	0	0	-99	-99	-99	-99
370	0	0	-99	-99	-99	-99
371	0	0	-99	-99	-99	-99
372	0	0	-99	-99	-99	-99
373	0	0	-99	-99	-99	-99
374	0	0	-99	-99	-99	-99
375	0	0	-99	-99	-99	-99
376	0	0	-99	-99	-99	-99
377	0	0	-99	-99	-99	-99
378	0	0	-99	-99	-99	-99
379	0	0	-99	-99	-99	-99
380	0	0	-99	-99	-99	-99
381	0	0	-99	-99	-99	-99
382	0	0	-99	-99	-99	-99
383	0	0	-99	-99	-99	-99
384	0	0	-99	-99	-99	-99
385	0	0	-99	-99	-99	-99
386	0	0	-99	-99	-99	-99
387	0	0	-99	-99	-99	-99
388	0	0	-99	-99	-99	-99
389	0	0	-99	-99	-99	-99
390	0	0	-99	-99	-99	-99
391	0	0	-99	-99	-99	-99
392	0	0	-99	-99	-99	-99
393	0	0	-99	-99	-99	-99
394	0	0	-99	-99	-99	-99
395	0	0	-99	-99	-99	-99
396	0	0	-99	-99	-99	-99
397	0	0	-99	-99	-99	-99
398	0	0	-99	-99	-99	-99
399	0	0	-99	-99	-99	-99
400	0	0	-99	-99	-99	-99
401	0	0	-99	-99	-99	-99
402	0	0	-99	-99	-99	-99
403	0	0	-99	-99	-99	-99
404	0	0	-99	-99	-99	-99
405	0	0	-99	-99	-99	-99
406	0	0	-99	-99	-99	-99
407	0	0	-99	-99	-99	-99
408	0	0	-99	-99	-99	-99
409	0	0	-99	-99	-99	-99
410	0	0	-99	-99	-99	-99
411	0	0	-99	-99	-99	-99
412	0	0	-99	-99	-99	-99
413	0	0	-99	-99	-99	-99
414	0	0	-99	-99	-99	-99
415	0	0	-99	-99	-99	-99
416	0	0	-99	-99	-99	-99
417	0	0	-99	-99	-99	-99
418	0	0	-99	-99	-99	-99
419	0	0	-99	-99	-99	-99
420	0	0	-99	-99	-99	-99
421	0	0	-99	-99	-99	-99
422	0	0	-99	-99	-99	-99
423	0	0	-99	-99	-99	-99
424	0	0	-99	-99	-99	-99
425	0	0	-99	-99	-99	-99
426	0	0	-99	-99	-99	-99
427	0	0	-99	-99	-99	-99
428	0	0	-99	-99	-99	-99
429	0	0	-99	-99	-99	-99
430	0	0	-99	-99	-99	-99
431	0	0	-99	-99	-99	-99
432	0	0	-99	-99	-99	-99
433	0	0	-99	-99	-99	-99
434	0	0	-99	-99	-99	-99
435	0	0	-99	-99	-99	-99
436	0	0	-99	-99	-99	-99
437	0	0	-99	-99	-99	-99
438	0	0	-99	-99	-99	-99
439	0	0	-99	-99	-99	-99
440	0	0	-99	-99	-99	-99
441	0	0	-99	-99	-99	-99
442	0	0	-99	-99	-99	-99
443	0	0	-99	-99	-99	-99
444	0	0	-99	-99	-99	-99
445	0	0	-99	-99	-99	-99
446	0	0	-99	-99	-99	-99
447	0	0	-99	-99	-99	-99
448	0	0	-99	-99	-99	-99
449	0	0	-99	-99	-99	-99
450	0	0	-99	-99	-99	-99
451	0	0	-99	-99	-99	-99
452	0	0	-99	-99	-99	-99
453	0	0	-99	-99	-99	-99
454	0	0	-99	-99	-99	-99
455	0	0	-99	-99	-99	-99
456	0	0	-99	-99	-99	-99
457	0	0	-99	-99	-99	-99
458	0	0	-99	-99	-99	-99
459	0	0	-99	-99	-99	-99
460	0	0	-99	-99	-99	-99
461	0	0	-99	-99	-99	-99
462	0	0	-99	-99	-99	-99
463	0	0	-99	-99	-99	-99
464	0	0	-99	-99	-99	-99
465	0	0	-99	-99	-99	-99
466	0	0	-99	-99	-99	-99
467	0	0	-99	-99	-99	-99
468	0	0	-99	-99	-99	-99
469	0	0	-99	-99	-99	-99
470	0	0	-99	-99	-99	-99
471	0	0	-99	-99	-99	-99
472	0	0	-99	-99	-99	-99
473	0	0	-99	-99	-99	-99
474	0	0	-99	-99	-99	-99
475	0	0	-99	-99	-99	-99
476	0	0	-99	-99	-99	-99
477	0	0	-99	-99	-99	-99
478	0	0	-99	-99	-99	-99
479	0	0	-99	-99	-99	-99
480	0	0	-99	-99	-99	-99
481	0	0	-99	-99	-99	-99
482	0	0	-99	-99	-99	-99
483	0	0	-99	-99	-99	-99
484	0	0	-99	-99	-99	-99
485	0	0	-99	-99	-99	-99
486	0	0	-99	-99	-99	-99
487	0	0	-99	-99	-99	-99
488	0	0	-99	-99	-99	-99
489	0	0	-99	-99	-99	-99
490	0	0	-99	-99	-99	-99
491	0	0	-99	-99	-99	-99
492	0	0	-99	-99	-99	-99
493	0	0	-99	-99	-99	-99
494	0	0	-99	-99	-99	-99
495	0	0	-99	-99	-99	-99
496	0	0	-99	-99	-99	-99
497	0	0	-99	-99	-99	-99
498	0	0	-99	-99	-99	-99
499	0	0	-99	-99	-99	-99
500	0	0	-99	-99	-99	-99
501	0	0	-99	-99	-99	-99
502	0	0	-99	-99	-99	-99
503	0	0	-99	-99	-99	-99
504	0	0	-99	-99	-99	-99
505	0	0	-99	-99	-99	-99
506	0	0	-99	-99	-99	-99
507	0	0	-99	-99	-99	-99
508	0	0	-99	-99	-99	-99
509	0	0	-99	-99	-99	-99
510	0	0	-99	-99	-99	-99
511	0	0	-99	-99	-99	-99
512	0	0	-99	-99	-99	-99
513	0	0	-99	-99	-99	-99
514	0	0	-99	-99	-99	-99
515	0	0	-99	-99	-99	-99
516	0	0	-99	-99	-99	-99
517	0	0	-99	-99	-99	-99
518	0	0	-99	-99	-99	-99
519	0	0	-99	-99	-99	-99
520	0	0	-99	-99	-99	-99
521	0	0	-99	-99	-99	-99
522	0	0	-99	-99	-99	-99
523	0	0	-99	-99	-99	-99
524	0	0	-99	-99	-99	-99
525	0	0	-99	-99	-99	-99
526	0	0	-99	-99	-99	-99
527	0	0	-99	-99	-99	-99
528	0	0	-99	-99	-99	-99
529	0	0	-99	-99	-99	-99
530	0	0	-99	-99	-99	-99
531	0	0	-99	-99	-99	-99
532	0	0	-99	-99	-99	-99
533	0	0	-99	-99	-99	-99
534	0	0	-99	-99	-99	-99
535	0	0	-99	-99	-99	-99
536	0	0	-99	-99	-99	-99
537	0	0	-99	-99	-99	-99
538	0	0	-99	-99	-99	-99
539	0	0	-99	-99	-99	-99
540	0	0	-99	-99	-99	-99
541	0	0	-99	-99	-99	-99
542	0	0	-99	-99	-99	-99
543	0	0	-99	-99	-99	-99
0						