2 3 0 1 0 
0     
1 371 420 29.21 28.00273504 -99
2 371 421 18.213 30.99495798 -99
3 371 420 25.535 14.69792531 -28.64
4 371 420 29.387 14.11564246 -99
5 371 421 -99 -99 -99
6 371 422 19.584 17.11428571 -99
7 372 423 -99 -99 -30.19
8 372 424 34.386 13.91111111 -29.89
9 372 425 22.317 11.47559607 -99
10 372 423 16.243 12.36675532 -29.35
11 372 425 28.033 19.9405303 -99
12 372 423 23.49 15.46425703 -31.48
13 372 424 26.117 22.14921875 -29.78
14 373 426 -99 20.80691995 -99
15 373 427 18.554 -99 -28.19
16 373 428 27.518 11.81306376 -29.23
17 373 428 32.137 10.12327221 -99
18 373 426 -99 -99 -28.67
19 373 427 -99 -99 -99
20 373 426 26.106 -99 -27.76
21 373 428 21.936 6.021394612 -29.6
22 374 429 20.434 -99 -99
23 374 430 22.085 -99 -29.96
24 374 431 34.433 17.06037296 -99
25 374 430 24.492 -99 -32.71
26 374 431 25.148 13.13248945 -28.28
27 374 430 19.737 28.96923077 -28.96
28 375 432 18.879 -99 -99
29 375 433 26.133 12.13715084 -30.56
30 375 433 21.25 10.59727273 -99
31 375 432 27.32 -99 -30.12
32 375 434 26.407 15.89362745 -27.98
33 375 432 30.868 -99 -99
34 375 434 27.293 -99 -30.3
35 375 433 -99 10.95886792 -30.33
36 376 435 33.478 11.88046709 -28.34
37 376 436 26.118 18.05409836 -99
38 376 437 27.091 16.8735 -32.24
39 376 437 28.672 18.55216 -29.59
40 376 435 36.069 8.870464135 -31.68
41 376 437 35.97 26.6637931 -99
42 376 436 -99 -99 -28.4
43 376 435 23.626 19.66607143 -29.73
44 377 438 18.527 30.61361502 -31.88
45 377 439 21.51 23.01025641 -31.48
46 377 440 27.81 14.166313 -99
47 377 440 29.11 -99 -31.04
48 377 439 23.47 15.91787365 -99
49 377 440 26.461 14.34026354 -31.23
50 377 439 28.53 -99 -29.79
51 377 438 27.91 17.3 -28.73
52 378 441 19.87 13.6328125 -31.18
53 378 442 19.42 10.4435514 -30.55
54 378 443 -99 11.52887097 -29.06
55 378 442 24.11 21.84600484 -32.4
56 378 443 29.26 18.51013825 -99
57 378 441 21.58 20.79189189 -29.26
58 378 441 22.47 11.16548323 -30.55
59 378 442 28.33 13.12154605 -30.75
60 379 444 23.74 10.3465708 -30.8
61 379 445 30.34 15.50517241 -99
62 379 446 -99 11.83789279 -31.66
63 379 445 -99 13.6892944 -99
64 379 444 -99 -99 -99
65 379 444 24.61 12.57875 -30.75
66 379 446 20.61 -99 -29.56
67 379 445 20.45 -99 -28.41
68 380 447 18.73 -99 -30.67
69 380 448 23.29 11.26434783 -30.33
70 380 448 28.592 14.28870523 -99
71 380 447 -99 16.39163347 -30.43
72 380 449 27.845 14.53768116 -29.9
73 380 449 15.924 14.99753086 -29.58
74 380 447 28.691 -99 -31.89
75 380 448 26.553 -99 -29.86
76 381 450 14.408 -99 -99
77 381 451 17.895 14.44057592 -30.69
78 381 452 21.258 17.24264706 -30.7
79 381 450 29.032 14.41294964 -99
80 381 451 24.959 18.83853503 -99
81 381 452 28.272 -99 -28.86
82 381 450 32.389 10.36891585 -99
83 381 451 18.355 17.92693878 -29.94
84 382 453 24.77 16.76939502 -99
85 382 454 29.155 -99 -99
86 382 454 24.73 21.0480226 -32.07
87 382 453 -99 20.04178628 -29.29
88 382 455 29.449 -99 -30.77
89 382 455 15.84 14.75237092 -30.21
90 382 454 24.461 21.46871508 -99
91 382 453 18.237 -99 -99
92 383 456 29.635 13.41 -99
93 383 457 23.534 15.34282178 -31.08
94 383 458 24.777 -99 -99
95 383 456 19.865 22.33367876 -30.75
96 383 457 18.504 -99 -30.77
97 383 456 28.674 12.95482156 -30.23
98 383 457 24.74 12.67233607 -28.99
99 384 459 -99 -99 -32.75
100 384 460 -99 -99 -29.48
101 384 461 23.192 -99 -99
102 384 460 -99 -99 -99
103 384 459 25.203 17.82328244 -30.77
104 384 461 29.505 21.35341176 -30.18
105 384 459 25.767 16.67424893 -99
106 384 460 27.878 10.58920266 -29.56
107 384 461 25.52 11.81655844 -30.4
108 385 462 23.494 15.26324952 -29.97
109 385 463 -99 -99 -30.24
110 385 464 32.014 11.74032634 -99
111 385 463 28.308 16.92758621 -28.18
112 385 462 22.677 -99 -99
113 385 464 22.435 -99 -29.59
114 385 464 17.604 -99 -99
115 385 462 24.583 -99 -30.04
116 385 463 21.111 11.93799435 -31.76
117 386 465 24.669 -99 -99
118 386 466 22.352 11.87096774 -27.01
119 386 467 21.648 16.64054054 -30.22
120 386 466 22.795 -99 -99
121 386 467 19.197 -99 -28.65
122 386 467 25.784 11.88270893 -99
123 386 466 -99 13.81380753 -28.79
124 386 465 -99 -99 -30.11
125 387 468 -99 32.50342679 -99
126 387 469 26.859 -99 -99
127 387 469 18.619 -99 -99
128 387 470 19.613 -99 -99
129 387 470 -99 -99 -99
130 387 468 26.223 -99 -99
131 387 469 22.725 -99 -99
132 388 471 24.533 11.91954733 -29.86
133 388 472 21.905 -99 -99
134 388 473 29.489 26.34422111 -99
135 388 472 27.754 -99 -27.53
136 388 471 21.238 9.655882353 -99
137 388 472 26.884 13.01804878 -99
138 388 473 20.453 17.85136986 -29.9
139 389 474 27.314 25.53818182 -30.82
140 389 475 22.493 14.99034653 -29.04
141 389 476 26.974 -99 -27.2
142 389 476 21.755 -99 -99
143 389 474 -99 -99 -28.76
144 389 475 -99 48.92612613 -99
145 389 474 19.36 30.16153846 -29.76
146 389 475 19.28 -99 -27.22
147 389 476 22.07 -99 -99
148 390 477 -99 -99 -99
149 390 478 22.39 -99 -99
150 390 479 22.43 -99 -31.53
151 390 479 12.42 -99 -28.02
152 390 477 22.998 -99 -99
153 390 478 -99 -99 -99
154 390 479 20.287 -99 -29.36
155 391 480 26.875 -99 -29.02
156 391 481 18.335 -99 -30.18
157 391 482 -99 -99 -30.41
158 391 482 19.749 -99 -27.39
159 391 480 -99 -99 -99
160 391 481 -99 -99 -99
161 391 482 21.426 -99 -27.09
162 391 481 -99 -99 -99
163 391 480 19.784 -99 -30.01
164 392 483 25.906 -99 -99
165 392 484 23.766 -99 -99
166 392 485 13.32 12.99375 -99
167 392 484 16.871 -99 -29.56
168 392 485 -99 -99 -28.22
169 392 483 15.755 -99 -99
170 392 484 20.133 -99 -99
171 393 486 26.214 -99 -99
172 393 487 16.563 -99 -99
173 393 487 24.196 -99 -30.18
174 393 488 22.848 -99 -99
175 393 486 25.858 -99 -99
176 393 488 -99 -99 -30.63
177 393 487 25.739 -99 -99
178 394 489 30.54 -99 -99
179 394 490 -99 -99 -29.04
180 394 491 27.05 -99 -29.24
181 394 490 22.25 -99 -99
182 394 489 -99 -99 -29.3
183 395 492 -99 -99 -99
184 395 493 15.5 -99 -99
185 395 494 24.064 23.08370787 -28.21
186 395 494 29.373 -99 -30.51
187 395 493 15.21 -99 -99
188 395 492 22.129 -99 -99
189 395 493 15.979 -99 -99
190 395 492 -99 -99 -99
191 395 494 -99 -99 -99
192 396 495 17.94 -99 -29.17
193 396 496 17.859 -99 -29.95
194 396 497 26.001 -99 -28.48
195 396 497 16.244 -99 -29.27
196 396 496 -99 -99 -99
197 396 495 18.167 -99 -99
198 396 497 -99 -99 -29.77
199 396 495 18.39 -99 -29.39
200 396 496 16.92 24.87558685 -30.89
201 397 498 26.39 -99 -29.33
202 397 499 -99 -99 -29.11
203 397 500 -99 -99 -29.65
204 397 499 24.46 -99 -29.37
205 397 498 22.58 -99 -28.96
206 397 500 21.47 -99 -29.17
207 397 499 -99 -99 -99
208 398 501 22.38 -99 -27.25
209 398 502 20.36 -99 -30.26
210 398 503 18.51 -99 -99
211 398 502 -99 -99 -29.49
212 398 501 12.69 -99 -99
213 398 503 -99 -99 -99
214 398 503 -99 -99 -27.44
215 398 502 -99 -99 -99
216 399 504 -99 -99 -99
217 399 505 14.14 -99 -28.68
218 399 506 13.44 -99 -99
219 399 504 -99 -99 -99
220 399 505 -99 -99 -99
221 399 505 -99 -99 -99
222 399 504 24.42 -99 -99
223 399 506 21.22 -99 -28.35
224 400 507 -99 -99 -29.89
225 400 508 20.97 -99 -99
226 400 509 13.88 -99 -99
227 400 509 22.25 -99 -30.82
228 400 509 -99 -99 -28.03
229 400 507 -99 -99 -29.29
230 401 510 22.3 -99 -30.77
231 401 511 19.9 -99 -99
232 401 512 -99 -99 -29.76
233 401 510 20.98 -99 -29.42
234 401 512 -99 -99 -99
235 401 511 -99 -99 -29.48
236 401 511 -99 -99 -99
237 401 512 17.82 -99 -32.55
238 401 510 22.752 -99 -99
239 402 513 23.11 -99 -30.44
240 402 514 29.427 -99 -99
241 402 515 17.699 13.22638889 -29.99
242 402 514 34.51 16.06086957 -99
243 402 515 -99 16.60638298 -99
244 402 513 -99 22.91626506 -99
245 402 515 18.655 -99 -27.18
246 402 514 23.555 -99 -99
247 403 516 -99 -99 -30.37
248 403 517 17.233 -99 -99
249 403 517 -99 -99 -99
250 403 516 -99 -99 -29.62
251 403 518 21.352 -99 -30.6
252 403 517 24.184 -99 -99
253 403 516 -99 -99 -30.71
254 404 519 21.375 -99 -99
255 404 520 -99 16.28026316 -29.65
256 404 521 13.056 24.9125 -99
257 404 520 30.05 18.77620321 -99
258 404 519 16.48 -99 -99
259 404 521 17.148 -99 -99
260 404 519 -99 -99 -29.55
261 404 520 21.504 -99 -30.36
262 405 522 25.13 -99 -29.6
263 405 523 25.582 -99 -30.52
264 405 524 19.525 -99 -99
265 405 524 -99 -99 -99
266 405 523 26.546 18.04862385 -30.83
267 405 522 23.825 -99 -28.05
268 405 523 22.5 -99 -29.36
269 405 522 6.201 -99 -30.67
270 405 524 -99 -99 -99
271 406 525 26.027 -99 -28.6
272 406 526 -99 -99 -28.37
273 406 527 12.031 -99 -28.94
274 406 526 17.269 -99 -99
275 406 527 -99 -99 -29.06
276 406 525 26.257 -99 -29.74
277 406 527 21.914 15.2394402 -27.83
278 406 525 20.79 -99 -28.3
279 407 528 11.445 -99 -29.44
280 407 529 25.32 -99 -99
281 407 530 17.646 -99 -29.28
282 407 530 22.56 -99 -28.95
283 407 528 19.95 -99 -29.14
284 407 529 -99 -99 -99
285 407 528 30.174 -99 -29.37
286 408 531 21.313 14.52365145 -27.92
287 408 532 18.387 -99 -99
288 408 533 17.462 -99 -99
289 408 531 26.276 9.946240602 -28.25
290 408 532 15.356 -99 -99
291 408 533 23.31 -99 -99
292 408 531 30.763 -99 -99
293 408 532 23.88 18.6256917 -99
294 409 534 27.247 16.78790932 -99
295 409 535 25.595 -99 -99
296 409 536 22.105 -99 -30.47
297 409 534 25.731 -99 -99
298 409 535 20.788 -99 -29.39
299 409 536 20.661 -99 -99
300 410 537 26.171 -99 -99
301 410 538 22.009 -99 -29.77
302 410 539 21.466 14.17372881 -30.32
303 410 539 19.798 -99 -99
304 410 538 17.814 13.15625 -27.23
305 410 539 15.026 17.2017094 -99
306 410 537 -99 -99 -99
307 410 538 28.442 9.721065375 -99
308 411 540 18.979 -99 -27.28
309 411 541 21.562 -99 -99
310 411 541 24.085 -99 -99
311 411 540 19.383 -99 -99
312 411 540 22.37 18.11333333 -28.23
313 412 542 15.527 -99 -27.87
314 412 543 14.021 -99 -28.51
315 412 544 18.987 9.339642857 -28.28
316 412 542 20.595 -99 -99
317 412 544 21.438 -99 -99
318 412 542 21.783 -99 -30.56
319 412 543 -99 -99 -99
320 413 545 17.747 -99 -99
321 413 546 28.941 -99 -28.35
322 413 547 25.04 -99 -99
323 413 545 16.678 -99 -31.43
324 413 545 21.296 -99 -99
325 413 547 15.022 -99 -99
326 413 546 27.044 -99 -30.7
327 414 548 23.946 19.96055556 -99
328 414 549 21.811 19.06892655 -30.57
329 414 550 20.363 18.9956044 -30.26
330 414 549 25.375 13.1922619 -31.08
331 414 548 18.723 23.58660287 -28.26
332 414 548 30.482 -99 -30.72
333 414 549 21.73 -99 -99
334 414 550 28.973 14.15112782 -28.44
335 415 551 14.406 -99 -28.33
336 415 552 21.441 25.06842105 -99
337 415 553 24.92 16.95867052 -27.62
338 415 551 21.535 -99 -99
339 415 552 22.855 -99 -28.83
340 415 553 24.074 -99 -99
341 415 553 28.759 18.75606061 -99
342 415 551 19.433 -99 -99
343 415 552 -99 -99 -99
344 416 554 31.831 -99 -99
345 416 555 23.962 -99 -99
346 416 556 22.484 -99 -30.71
347 416 556 24.948 -99 -99
348 416 554 17.768 -99 -99
349 416 556 19.866 -99 -99
350 417 557 17.772 -99 -99
351 417 558 25.96 14.88525896 -29.36
352 417 559 26.875 17.32162162 -99
353 417 557 25.675 13.7118 -29.83
354 417 558 25.154 -99 -29.81
355 417 559 21.922 -99 -31.44
356 417 557 26.273 16.22968037 -27.83
357 418 560 19.954 24.00846774 -99
358 418 561 26.976 18.05533981 -99
359 418 560 18.352 25.23623188 -99
360 418 560 21.74 19.51776062 -29.86
361 418 562 22.106 12.39753954 -99
362 419 563 26.895 -99 -29.97
363 419 564 21.609 20.3924812 -29.38
364 419 565 18.866 17.29731183 -99
365 419 565 27.481 18.9489726 -30.9
366 419 563 31.733 -99 -99
367 419 564 24.026 14.22682927 -30.8
368 419 565 27.194 -99 -29
369 419 564 21.084 14.71308411 -28.94
370 419 563 30.465 17.50051546 -28.31
371 0 0 -99 -99 -99
372 0 0 -99 -99 -99
373 0 0 -99 -99 -99
374 0 0 -99 -99 -99
375 0 0 -99 -99 -99
376 0 0 -99 -99 -99
377 0 0 -99 -99 -99
378 0 0 -99 -99 -99
379 0 0 -99 -99 -99
380 0 0 -99 -99 -99
381 0 0 -99 -99 -99
382 0 0 -99 -99 -99
383 0 0 -99 -99 -99
384 0 0 -99 -99 -99
385 0 0 -99 -99 -99
386 0 0 -99 -99 -99
387 0 0 -99 -99 -99
388 0 0 -99 -99 -99
389 0 0 -99 -99 -99
390 0 0 -99 -99 -99
391 0 0 -99 -99 -99
392 0 0 -99 -99 -99
393 0 0 -99 -99 -99
394 0 0 -99 -99 -99
395 0 0 -99 -99 -99
396 0 0 -99 -99 -99
397 0 0 -99 -99 -99
398 0 0 -99 -99 -99
399 0 0 -99 -99 -99
400 0 0 -99 -99 -99
401 0 0 -99 -99 -99
402 0 0 -99 -99 -99
403 0 0 -99 -99 -99
404 0 0 -99 -99 -99
405 0 0 -99 -99 -99
406 0 0 -99 -99 -99
407 0 0 -99 -99 -99
408 0 0 -99 -99 -99
409 0 0 -99 -99 -99
410 0 0 -99 -99 -99
411 0 0 -99 -99 -99
412 0 0 -99 -99 -99
413 0 0 -99 -99 -99
414 0 0 -99 -99 -99
415 0 0 -99 -99 -99
416 0 0 -99 -99 -99
417 0 0 -99 -99 -99
418 0 0 -99 -99 -99
419 0 0 -99 -99 -99
420 0 0 -99 -99 -99
421 0 0 -99 -99 -99
422 0 0 -99 -99 -99
423 0 0 -99 -99 -99
424 0 0 -99 -99 -99
425 0 0 -99 -99 -99
426 0 0 -99 -99 -99
427 0 0 -99 -99 -99
428 0 0 -99 -99 -99
429 0 0 -99 -99 -99
430 0 0 -99 -99 -99
431 0 0 -99 -99 -99
432 0 0 -99 -99 -99
433 0 0 -99 -99 -99
434 0 0 -99 -99 -99
435 0 0 -99 -99 -99
436 0 0 -99 -99 -99
437 0 0 -99 -99 -99
438 0 0 -99 -99 -99
439 0 0 -99 -99 -99
440 0 0 -99 -99 -99
441 0 0 -99 -99 -99
442 0 0 -99 -99 -99
443 0 0 -99 -99 -99
444 0 0 -99 -99 -99
445 0 0 -99 -99 -99
446 0 0 -99 -99 -99
447 0 0 -99 -99 -99
448 0 0 -99 -99 -99
449 0 0 -99 -99 -99
450 0 0 -99 -99 -99
451 0 0 -99 -99 -99
452 0 0 -99 -99 -99
453 0 0 -99 -99 -99
454 0 0 -99 -99 -99
455 0 0 -99 -99 -99
456 0 0 -99 -99 -99
457 0 0 -99 -99 -99
458 0 0 -99 -99 -99
459 0 0 -99 -99 -99
460 0 0 -99 -99 -99
461 0 0 -99 -99 -99
462 0 0 -99 -99 -99
463 0 0 -99 -99 -99
464 0 0 -99 -99 -99
465 0 0 -99 -99 -99
466 0 0 -99 -99 -99
467 0 0 -99 -99 -99
468 0 0 -99 -99 -99
469 0 0 -99 -99 -99
470 0 0 -99 -99 -99
471 0 0 -99 -99 -99
472 0 0 -99 -99 -99
473 0 0 -99 -99 -99
474 0 0 -99 -99 -99
475 0 0 -99 -99 -99
476 0 0 -99 -99 -99
477 0 0 -99 -99 -99
478 0 0 -99 -99 -99
479 0 0 -99 -99 -99
480 0 0 -99 -99 -99
481 0 0 -99 -99 -99
482 0 0 -99 -99 -99
483 0 0 -99 -99 -99
484 0 0 -99 -99 -99
485 0 0 -99 -99 -99
486 0 0 -99 -99 -99
487 0 0 -99 -99 -99
488 0 0 -99 -99 -99
489 0 0 -99 -99 -99
490 0 0 -99 -99 -99
491 0 0 -99 -99 -99
492 0 0 -99 -99 -99
493 0 0 -99 -99 -99
494 0 0 -99 -99 -99
495 0 0 -99 -99 -99
496 0 0 -99 -99 -99
497 0 0 -99 -99 -99
498 0 0 -99 -99 -99
499 0 0 -99 -99 -99
500 0 0 -99 -99 -99
501 0 0 -99 -99 -99
502 0 0 -99 -99 -99
503 0 0 -99 -99 -99
504 0 0 -99 -99 -99
505 0 0 -99 -99 -99
506 0 0 -99 -99 -99
507 0 0 -99 -99 -99
508 0 0 -99 -99 -99
509 0 0 -99 -99 -99
510 0 0 -99 -99 -99
511 0 0 -99 -99 -99
512 0 0 -99 -99 -99
513 0 0 -99 -99 -99
514 0 0 -99 -99 -99
515 0 0 -99 -99 -99
516 0 0 -99 -99 -99
517 0 0 -99 -99 -99
518 0 0 -99 -99 -99
519 0 0 -99 -99 -99
520 0 0 -99 -99 -99
521 0 0 -99 -99 -99
522 0 0 -99 -99 -99
523 0 0 -99 -99 -99
524 0 0 -99 -99 -99
525 0 0 -99 -99 -99
526 0 0 -99 -99 -99
527 0 0 -99 -99 -99
528 0 0 -99 -99 -99
529 0 0 -99 -99 -99
530 0 0 -99 -99 -99
531 0 0 -99 -99 -99
532 0 0 -99 -99 -99
533 0 0 -99 -99 -99
534 0 0 -99 -99 -99
535 0 0 -99 -99 -99
536 0 0 -99 -99 -99
537 0 0 -99 -99 -99
538 0 0 -99 -99 -99
539 0 0 -99 -99 -99
540 0 0 -99 -99 -99
541 0 0 -99 -99 -99
542 0 0 -99 -99 -99
543 0 0 -99 -99 -99
544 0 0 -99 -99 -99
545 0 0 -99 -99 -99
546 0 0 -99 -99 -99
547 0 0 -99 -99 -99
548 0 0 -99 -99 -99
549 0 0 -99 -99 -99
550 0 0 -99 -99 -99
551 0 0 -99 -99 -99
552 0 0 -99 -99 -99
553 0 0 -99 -99 -99
554 0 0 -99 -99 -99
555 0 0 -99 -99 -99
556 0 0 -99 -99 -99
557 0 0 -99 -99 -99
558 0 0 -99 -99 -99
559 0 0 -99 -99 -99
560 0 0 -99 -99 -99
561 0 0 -99 -99 -99
562 0 0 -99 -99 -99
563 0 0 -99 -99 -99
0     