2	4	0	1	0		
0						
1	152	196	2	22.617	-99	-29.97
2	152	196	0	18.958	-99	-28.93
3	153	197	57	32.46	20.05604396	-31.09
4	153	197	14	26.449	18.28918129	-30.16
5	153	198	43	26.751	-99	-28.6
6	153	198	24.44444444	20.646	20.8248227	-28.72
7	154	199	18.66666667	21.612	17.52947368	-27.98
8	155	200	33	27.156	26.75168067	-30.15
9	155	200	0	26.02	-99	-99
10	156	201	28	30.902	-99	-99
11	156	202	133	25.025	15.30768049	-30.22
12	156	203	20	23.647	23.97914573	-30.95
13	156	201	45.55555556	23.332	21.23521127	-29.48
14	156	203	13.33333333	21.326	14.15414634	-29.96
15	157	204	14	29.867	-99	-30.19
16	157	204	6.666666667	-99	19.90762332	-30.35
17	157	204	5	24.728	17.08271429	-28.72
18	157	205	26	23.539	-99	-29.6
19	157	205	0	-99	15.25495495	-31.22
20	157	206	7	24.42	-99	-30.47
21	158	207	2	33.884	-99	-30.79
22	158	207	108	23.904	-99	-28.96
23	158	208	7	19.618	13.1188172	-28.69
24	159	209	75.78947368	33.27	12.74460285	-28.86
25	159	209	5	23.893	18.29148936	-27.66
26	159	209	8	24.877	-99	-27.05
27	160	210	81.54545455	22.422	10.61575875	-29.02
28	160	211	4	-99	19.24167852	-31.18
29	160	211	0	21.187	-99	-30.2
30	161	212	20	28.177	10.97901639	-30.07
31	161	213	0	18.377	-99	-28.59
32	161	212	17	29.767	16.77319885	-30.14
33	162	214	12	19.838	45.55077519	-30.01
34	162	214	30	33.209	-99	-99
35	162	214	8	20.729	30.88842975	-28.37
36	163	215	351.1666667	29.764	13.83029772	-28.5
37	163	216	40.5	23.711	16.01172893	-29.24
38	163	216	36	25.89	15.51230769	-30.59
39	163	215	16.25	-99	13.11	-28.58
40	163	217	37	24.201	12.93631841	-30.19
41	163	216	20	-99	-99	-29.22
42	164	218	18	24.098	-99	-30.58
43	164	219	41	32.969	-99	-29.16
44	164	218	19	23.2	-99	-28.08
45	165	220	0	22.117	14.18686869	-30.74
46	165	221	138.8333333	25.676	26.08047138	-31.62
47	165	221	56.4	29.573	9.760330579	-31.03
48	165	221	5	22.941	-99	-29.49
49	165	220	9	-99	18.70560472	-29.02
50	165	220	-99	23.317	10.83700265	-28.21
51	165	222	5.25	26.375	-99	-27.36
52	166	223	9	31.275	17.87106383	-29.68
53	167	224	55	29.079	-99	-29.82
54	167	225	5	-99	21.15309524	-28.63
55	167	224	0	27.851	13.56182213	-28.96
56	168	226	41	22.663	-99	-29.22
57	168	226	45	28.522	16.37416107	-28.84
58	169	227	0	29.238	21.22092624	-27.71
59	169	228	0	26.63	-99	-99
60	169	227	101.25	21.813	-99	-27.67
61	169	229	36	29.259	17.5206422	-99
62	169	228	0	20.199	-99	-99
63	169	228	-99	26.379	-99	-29.11
64	170	230	6	25.605	15.66477987	-31.16
65	170	231	40	30.999	14.49488636	-30.03
66	170	231	6	-99	-99	-32.08
67	170	231	80	29.299	19.72691511	-29.73
68	171	232	4	31.317	-99	-29.34
69	171	232	7	27.249	17.9275	-29.91
70	171	232	-99	24.387	12.05238095	-29.81
71	172	233	28.125	21.82	14.37254237	-28.68
72	172	234	33.14285714	-99	18.17647059	-29.59
73	173	235	14	-99	-99	-28.2
74	174	236	69	-99	22.91177885	-30.38
75	174	237	0	31.469	-99	-29.33
76	174	236	1	22.09	16.6383915	-30
77	174	236	11	-99	-99	-28.79
78	175	238	268.0588235	-99	-99	-28.21
79	175	239	0	-99	-99	-30.44
80	175	238	51.42857143	25.237	15.81491935	-28.7
81	175	239	6	29.691	-99	-28.35
82	176	240	0	29.379	-99	-29.4
83	177	241	-99	23.438	21.63271462	-31.27
84	178	242	42	29.501	-99	-29.73
85	178	242	24	-99	18.90246575	-27.72
86	178	242	22	27.988	-99	-29.73
87	179	243	176.6666667	29.321	13.79978587	-29.25
88	179	244	6.25	28.497	-99	-28.62
89	179	244	27	24.4	22.97160494	-29.42
90	180	245	5	27.173	-99	-30.91
91	180	245	178.862069	29.595	-99	-30.31
92	180	246	32	31.53	-99	-28.03
93	180	245	0	23.446	15.38921162	-28.89
94	180	246	38.75	30.21	17.75630631	-99
95	181	247	13	32.026	11.54877589	-29.9
96	181	248	0	-99	-99	-29.53
97	181	247	46	26.884	-99	-28.48
98	181	247	36	-99	13.13830846	-28.73
99	181	248	14	26.91	-99	-30.92
100	182	249	0	25.175	-99	-29.62
101	182	249	76.57142857	26.006	-99	-28.3
102	182	249	2	23.444	20.54015152	-28.83
103	183	250	157	23.323	16.72396313	-29.56
104	183	250	10.5	27.074	-99	-29.55
105	184	251	3	29.092	-99	-30.22
106	184	252	100.1538462	36.288	20.72980132	-29.67
107	184	251	27.2	21.776	-99	-29.94
108	184	252	0	-99	-99	-28.61
109	185	253	0	21.59	13.28855586	-30.62
110	185	253	-99	24.183	13.04591304	-27.28
111	185	253	125.28	31.286	22.03190184	-29.28
112	185	254	3	-99	18.17900356	-27.4
113	186	255	0	20.384	-99	-31.63
114	186	256	212	22.913	29.6566343	-29.44
115	186	255	0	21.735	-99	-99
116	187	257	0	28.24	-99	-99
117	187	258	5	22.424	22.58294574	-29.86
118	188	259	15	29.186	12.86313559	-30.37
119	189	260	2	26.106	-99	-27.96
120	189	260	7.5	22.177	13.19159159	-30.73
121	189	261	0	21.587	-99	-99
122	189	261	0	26.643	19.30212766	-99
123	189	261	0	31.733	17.94551887	-29.26
124	190	262	5	20.232	21.05540897	-27.44
125	190	262	14	32.8	-99	-30.04
126	191	263	0	31.613	11.21308901	-99
127	191	263	57	27.025	-99	-29.94
128	191	264	0	22.428	17.65106383	-29.27
129	191	264	6	30.556	-99	-28.02
130	191	263	0	-99	-99	-99
131	191	264	0	26.054	-99	-30.56
132	192	265	117.6842105	25.21	17.13114323	-29.79
133	192	265	0	27.417	21.24274809	-31.11
134	192	266	13	27.889	19.71596386	-28.53
135	192	266	0	30.416	-99	-99
136	192	265	31	27.31	26.46898734	-99
137	193	267	-99	20.615	9.661111111	-27.42
138	193	268	0	-99	-99	-31.28
139	193	267	23	34.868	14.01818182	-29.59
140	193	267	5	-99	13.28452579	-27.1
141	193	268	-99	26.99	26.28559322	-30.91
142	194	269	67.57142857	28.28	21.44928571	-28.97
143	194	270	35.75	26.779	11.46709402	-29.76
144	194	269	64	-99	9.34135737	-29.27
145	194	269	0	31.381	10.96183879	-99
146	194	271	239.9090909	-99	16.65245902	-28.3
147	195	272	1	-99	-99	-30.24
148	195	273	11	26.951	-99	-28.6
149	195	272	-99	-99	-99	-31.17
150	195	273	0	29.282	-99	-99
151	195	272	8	-99	13.76294416	-28.5
152	0	0	-99	-99	-99	-99
153	0	0	-99	-99	-99	-99
154	0	0	-99	-99	-99	-99
155	0	0	-99	-99	-99	-99
156	0	0	-99	-99	-99	-99
157	0	0	-99	-99	-99	-99
158	0	0	-99	-99	-99	-99
159	0	0	-99	-99	-99	-99
160	0	0	-99	-99	-99	-99
161	0	0	-99	-99	-99	-99
162	0	0	-99	-99	-99	-99
163	0	0	-99	-99	-99	-99
164	0	0	-99	-99	-99	-99
165	0	0	-99	-99	-99	-99
166	0	0	-99	-99	-99	-99
167	0	0	-99	-99	-99	-99
168	0	0	-99	-99	-99	-99
169	0	0	-99	-99	-99	-99
170	0	0	-99	-99	-99	-99
171	0	0	-99	-99	-99	-99
172	0	0	-99	-99	-99	-99
173	0	0	-99	-99	-99	-99
174	0	0	-99	-99	-99	-99
175	0	0	-99	-99	-99	-99
176	0	0	-99	-99	-99	-99
177	0	0	-99	-99	-99	-99
178	0	0	-99	-99	-99	-99
179	0	0	-99	-99	-99	-99
180	0	0	-99	-99	-99	-99
181	0	0	-99	-99	-99	-99
182	0	0	-99	-99	-99	-99
183	0	0	-99	-99	-99	-99
184	0	0	-99	-99	-99	-99
185	0	0	-99	-99	-99	-99
186	0	0	-99	-99	-99	-99
187	0	0	-99	-99	-99	-99
188	0	0	-99	-99	-99	-99
189	0	0	-99	-99	-99	-99
190	0	0	-99	-99	-99	-99
191	0	0	-99	-99	-99	-99
192	0	0	-99	-99	-99	-99
193	0	0	-99	-99	-99	-99
194	0	0	-99	-99	-99	-99
195	0	0	-99	-99	-99	-99
196	0	0	-99	-99	-99	-99
197	0	0	-99	-99	-99	-99
198	0	0	-99	-99	-99	-99
199	0	0	-99	-99	-99	-99
200	0	0	-99	-99	-99	-99
201	0	0	-99	-99	-99	-99
202	0	0	-99	-99	-99	-99
203	0	0	-99	-99	-99	-99
204	0	0	-99	-99	-99	-99
205	0	0	-99	-99	-99	-99
206	0	0	-99	-99	-99	-99
207	0	0	-99	-99	-99	-99
208	0	0	-99	-99	-99	-99
209	0	0	-99	-99	-99	-99
210	0	0	-99	-99	-99	-99
211	0	0	-99	-99	-99	-99
212	0	0	-99	-99	-99	-99
213	0	0	-99	-99	-99	-99
214	0	0	-99	-99	-99	-99
215	0	0	-99	-99	-99	-99
216	0	0	-99	-99	-99	-99
217	0	0	-99	-99	-99	-99
218	0	0	-99	-99	-99	-99
219	0	0	-99	-99	-99	-99
220	0	0	-99	-99	-99	-99
221	0	0	-99	-99	-99	-99
222	0	0	-99	-99	-99	-99
223	0	0	-99	-99	-99	-99
224	0	0	-99	-99	-99	-99
225	0	0	-99	-99	-99	-99
226	0	0	-99	-99	-99	-99
227	0	0	-99	-99	-99	-99
228	0	0	-99	-99	-99	-99
229	0	0	-99	-99	-99	-99
230	0	0	-99	-99	-99	-99
231	0	0	-99	-99	-99	-99
232	0	0	-99	-99	-99	-99
233	0	0	-99	-99	-99	-99
234	0	0	-99	-99	-99	-99
235	0	0	-99	-99	-99	-99
236	0	0	-99	-99	-99	-99
237	0	0	-99	-99	-99	-99
238	0	0	-99	-99	-99	-99
239	0	0	-99	-99	-99	-99
240	0	0	-99	-99	-99	-99
241	0	0	-99	-99	-99	-99
242	0	0	-99	-99	-99	-99
243	0	0	-99	-99	-99	-99
244	0	0	-99	-99	-99	-99
245	0	0	-99	-99	-99	-99
246	0	0	-99	-99	-99	-99
247	0	0	-99	-99	-99	-99
248	0	0	-99	-99	-99	-99
249	0	0	-99	-99	-99	-99
250	0	0	-99	-99	-99	-99
251	0	0	-99	-99	-99	-99
252	0	0	-99	-99	-99	-99
253	0	0	-99	-99	-99	-99
254	0	0	-99	-99	-99	-99
255	0	0	-99	-99	-99	-99
256	0	0	-99	-99	-99	-99
257	0	0	-99	-99	-99	-99
258	0	0	-99	-99	-99	-99
259	0	0	-99	-99	-99	-99
260	0	0	-99	-99	-99	-99
261	0	0	-99	-99	-99	-99
262	0	0	-99	-99	-99	-99
263	0	0	-99	-99	-99	-99
264	0	0	-99	-99	-99	-99
265	0	0	-99	-99	-99	-99
266	0	0	-99	-99	-99	-99
267	0	0	-99	-99	-99	-99
268	0	0	-99	-99	-99	-99
269	0	0	-99	-99	-99	-99
270	0	0	-99	-99	-99	-99
271	0	0	-99	-99	-99	-99
272	0	0	-99	-99	-99	-99
0						