  This is an REML analysis.
LogLike     -22681.9857
LogLike      -1013.7011
LogLike      -1010.9058
LogLike      -1010.0126
LogLike      -1009.3869
LogLike      -1008.6002
LogLike      -1007.4318
LogLike      -1006.4685
LogLike      -1005.5656
LogLike      -1004.9168
LogLike      -1004.1241
LogLike      -1003.5644
LogLike      -1003.0428
LogLike      -1002.7233
LogLike      -1002.4755
LogLike      -1002.3343
LogLike      -1002.2348
LogLike      -1002.1782
LogLike      -1002.1399
LogLike      -1002.1174
    At iteration   20

   *** The constrained analysis converged with the following results ***
   The log likelihood is -1002.1174
   The mean of each trait is
         9.154111
        24.557831
        16.569015
       -29.355186
   The effect of the fixed factors is
   (in the order given, levels within factors)

   The estimates of the components are:
    Additive
              
      0.000000     26.203953    -90.802525     -3.722882
                   13.120040    -11.477230      1.265889
                                210.031220    -10.514842
                                                1.415686
                                                        
   Environmental
              
    222.339042    -12.358814     49.179281      2.864211
                    9.907699     -3.460295      0.196831
                                -94.096417      3.814072
                                               -0.035353
                                                        
   Common Environment
              
     28.488157      2.131317     12.376853      0.758664
                    0.000000      8.735598     -0.667576
                                  0.000000      3.170031
                                                0.055192
                                                        
    Large-sample var-cov matrix of the estimates
      0.000000      0.000000      0.000000      0.000000      0.000000      0.000000      0.000000      0.000000      0.000000      0.000000      0.000000      0.000000      0.000000      0.000000      0.000000      0.000000      0.000000      0.000000      0.000000      0.000000      0.000000      0.000000      0.000000      0.000000      0.000000      0.000000      0.000000      0.000000      0.000000      0.000000
                  392.288153      6.396154     16.366884     52.192954   -116.688982     -2.269909      7.413220     -5.536604     -0.377523     -9.484519   -197.403154     -3.218394     -8.459351    -37.419039     62.606246      0.809137     -5.210614      2.883503      0.174836    101.348325   -172.181573    -21.904643     -5.002113      0.000000     33.749905      0.829866      0.000000      1.413262      0.099194
                               2827.851882    -85.956637     -4.700861    379.872451    -12.287367   -559.868607    -26.486143      2.855721     23.696262     -4.537973  -1410.698020     43.429373      2.359270   -192.400004      6.185741    284.600275     12.855706     -1.392942   -327.927304    -33.838157  -1116.553494     24.610444      0.000000   -122.818187      3.232245      0.000000      7.950692     -0.717384
                                               29.450800      2.856819    -18.477599      3.555397     24.281204     -6.956712     -0.537162      0.949189     -8.262939     42.932624    -14.644862     -1.856181      9.446298     -1.792665    -12.324631      3.496057      0.268159    -14.727988     -5.809483     25.484625    -12.335021      0.000000      5.031737     -1.176670      0.000000      2.086508      0.128332
                                                             55.310439    -20.046541      2.450883      2.698451     -1.007206      0.087787     -1.062671    -29.992957      3.833595     -1.569547    -43.929326     15.968071     -1.718934     -3.351597      0.670351     -0.057116     17.367063     -6.685794     -0.777542     -0.599283      0.000000      2.495211     -0.325061      0.000000      0.196322     -0.016880
                                                                          476.886243    -13.996441   -105.834375     17.956708     -0.859827      2.097587     58.791723   -189.861982      9.291690     11.508992   -239.191928      7.012069     53.470098     -8.997188      0.431611    -55.551485     30.029593   -116.164234      4.824974      0.000000   -169.145328      3.802866      0.000000     -4.937904      0.222791
                                                                                          4.285365      3.436789     -1.363673      0.276123      0.014281      1.021877      6.186641     -1.783944     -1.626185      7.147339     -2.146156     -1.778636      0.682804     -0.138459     -2.097044      0.735544      3.322456     -1.183774      0.000000      3.841019     -1.600582      0.000000      0.297652     -0.081269
                                                                                                     1479.171757    -69.577100      2.274846     -7.864510     -3.255459    277.414400    -12.371759     -3.933351     63.114876     -2.219996   -758.607707     36.434662     -1.234669     63.504556      0.097684     86.340969     -5.693627      0.000000     29.752932     -0.674925      0.000000     14.133342     -0.508108
                                                                                                                     30.999576     -1.665754      0.103626      2.797661     13.263587      3.495096      0.680718     -9.257661      0.691251     35.227393    -15.528150      0.835660      6.786296      1.829233      8.506809      2.092682      0.000000     -5.358471      0.293376      0.000000    -10.282069      0.448630
                                                                                                                                    0.548539      0.012546      0.182024     -1.423982      0.271077     -0.056092      0.438921     -0.137624     -1.147304      0.831752     -0.273848      0.073693      0.108496     -0.789534      0.127319      0.000000      0.233075     -0.081679      0.000000      0.451574     -0.193637
                                                                                                                                               1714.914941     35.074931     -1.131106      5.082429     -0.037331      0.114955      0.185904      3.506770     -0.063368      0.003751  -1030.466570    -22.324936      4.205037     -2.818735      0.000000     -0.832273     -0.126356      0.000000      0.013598     -0.009449
                                                                                                                                                              194.711286    -29.547606      7.104553     22.498605    -31.400749     -0.004456      1.973702     -1.522583     -0.067399    -79.659491     32.304756     27.435612      0.965301      0.000000    -15.532141     -0.557070      0.000000     -0.664873     -0.054794
                                                                                                                                                                            799.905860    -27.176096     -2.776666     96.582010     -3.277653   -138.596659     -6.112946      0.654488    164.386353     33.933347    501.358399     -9.063174      0.000000     60.015962     -1.516455      0.000000     -4.207254      0.378511
                                                                                                                                                                                           11.093632      1.067984     -4.796929      0.950167      6.174688     -1.736909     -0.105313      4.990266      1.466067     -9.643467      3.831776      0.000000     -2.429990      0.536732      0.000000     -1.020383     -0.082426
                                                                                                                                                                                                         42.909003    -14.243758      1.560444      4.933097     -0.595768      0.048380     -9.840130      7.008743      1.560017      0.363679      0.000000      1.965430      0.021277      0.000000     -0.054937      0.004559
                                                                                                                                                                                                                      129.101532     -4.251147    -38.280821      5.118350     -0.251509     27.762378    -16.551193     57.866280     -2.395233      0.000000     79.023577     -1.546776      0.000000      2.280896     -0.095544
                                                                                                                                                                                                                                      1.502197      1.549541     -0.516768      0.092816      0.879753     -0.388206     -1.546205      0.540272      0.000000     -1.506729      0.526644      0.000000     -0.057913      0.026800
                                                                                                                                                                                                                                                  399.334073    -19.505410      0.683939    -31.864503      0.611820    -45.656250      2.916455      0.000000    -10.969456      0.111853      0.000000     -6.527932      0.216367
                                                                                                                                                                                                                                                                  8.179672     -0.462377     -3.327329     -0.940596     -4.303420     -1.051207      0.000000      2.387269     -0.042421      0.000000      4.894910     -0.194040
                                                                                                                                                                                                                                                                                0.162566     -0.036842     -0.054183      0.401567     -0.080314      0.000000     -0.097332      0.026526      0.000000     -0.197913      0.077250
                                                                                                                                                                                                                                                                                           1228.241524     33.016857     30.543538      5.785782      0.000000     11.912375      0.737913      0.000000     -2.022169     -0.024317
                                                                                                                                                                                                                                                                                                          147.559731     11.562698      3.058820      0.000000    -13.025122     -0.137748      0.000000     -0.507881     -0.026062
                                                                                                                                                                                                                                                                                                                        688.187659    -10.678573      0.000000     53.221030     -1.024952      0.000000     -1.976781      0.180018
                                                                                                                                                                                                                                                                                                                                        8.733296      0.000000     -1.511516      0.589078      0.000000     -0.837239     -0.010176
                                                                                                                                                                                                                                                                                                                                                      0.000000      0.000000      0.000000      0.000000      0.000000      0.000000
                                                                                                                                                                                                                                                                                                                                                                   87.144321     -1.423476      0.000000      1.856867     -0.073152
                                                                                                                                                                                                                                                                                                                                                                                  1.030038      0.000000     -0.084386      0.037390
                                                                                                                                                                                                                                                                                                                                                                                                0.000000      0.000000      0.000000
                                                                                                                                                                                                                                                                                                                                                                                                              4.909760     -0.155637
                                                                                                                                                                                                                                                                                                                                                                                                                            0.108849
                                                                                                                                                                                                                                                                                                                                                                                                                                    
  The test statistic comparing two likelihoods is given by twice
  their difference and is compared to Chi-square with df given by the 
  number of parameters specified by the hypothesi