2 4 0 1 0  
9 1 2 5 21 22 23 25 26 28    
1 89 138 -99 23.604 -99 -99
2 89 149 0 -99 -99 -99
3 89 138 0 -99 -99 -31.01
4 89 138 1 18.028 -99 -27.11
5 90 156 1.5 22.551 -99 -28.69
6 91 143 0 -99 -99 -29.54
7 91 143 25.09090909 20.942 -99 -28.85
8 92 153 28 25.956 -99 -29.08
9 92 164 0 19.422 -99 -28.74
10 92 164 -99 26.324 -99 -29.25
11 92 173 2 -99 -99 -28.39
12 93 183 -99 27.07 -99 -99
13 94 124 3 20.534 11.49139785 -30.83
14 94 124 9.6 34.24 13.97832512 -30.57
15 94 154 0 22.792 -99 -99
16 94 179 12 -99 -99 -29.83
17 95 166 6 24.773 11.93841336 -30.36
18 95 167 0 -99 -99 -99
19 96 145 0 -99 -99 -29.54
20 97 127 -99 26.271 -99 -30.69
21 97 127 2 -99 -99 -99
22 97 170 4 23.636 -99 -99
23 98 155 7 23.969 -99 -99
24 98 155 10 23.173 -99 -30.3
25 98 155 7 28.472 -99 -28.52
26 99 128 8 29.164 -99 -30.23
27 99 128 0 19.733 -99 -99
28 99 172 3 25.457 -99 -28.16
29 100 176 16 19.213 -99 -29.72
30 101 162 11 26.317 17.31838565 -99
31 101 162 0 -99 -99 -30.11
32 102 131 2 21.681 9.665140845 -99
33 102 134 0 -99 -99 -99
34 102 131 -99 26.852 -99 -99
35 102 131 0 -99 -99 -30.69
36 103 161 33 22.657 13.16498516 -29.04
37 103 161 -99 -99 -99 -99
38 104 146 2 -99 -99 -29.92
39 105 126 0 26.719 11.34166667 -29.32
40 105 147 36 -99 13.50746269 -30.26
41 105 147 0 -99 -99 -30.08
42 106 129 8 25.294 14.78434442 -29.93
43 106 129 0 -99 -99 -29.68
44 107 165 -99 -99 16.28596491 -29.88
45 107 165 11 18.939 -99 -29.79
46 108 178 0 23.283 -99 -30.15
47 109 163 18 -99 -99 -29.74
48 110 182 1 -99 -99 -99
49 111 141 0 15.906 15.12857143 -27.94
50 111 157 3 27.776 13.64736842 -28.64
51 111 158 12 -99 11.64724689 -29.97
52 111 158 0 -99 -99 -99
53 111 157 0 -99 -99 -99
54 112 132 1.5 24.264 -99 -28.9
55 112 132 -99 26.053 15.70597015 -99
56 112 150 0 -99 15.8797654 -99
57 112 150 8 -99 13.95353535 -29.31
58 113 169 0 -99 -99 -30.28
59 113 180 2 24.386 -99 -29.04
60 114 125 6 23.2 17.74795918 -28.84
61 114 181 -99 22.455 -99 -29.73
62 115 168 -99 24.765 17.26464646 -28.96
63 116 160 -99 -99 17.41111111 -29.55
64 117 144 -99 26.293 18.21549296 -29.28
65 117 171 3 29.139 18.03185185 -28.95
66 118 133 0 19.581 16.63440367 -99
67 118 135 0 -99 15.14269006 -99
68 118 136 24 -99 15.43409091 -28.84
69 118 135 25 32.164 16.50648148 -29.03
70 118 136 0 21.414 10.90897436 -99
71 119 140 0 29.502 17.76300813 -99
72 119 140 -99 25.833 15.74356121 -99
73 119 159 -99 25.043 17.18102981 -28.63
74 119 175 0 20.016 18.78395062 -29.56
75 120 152 31.66666667 27.812 19.425625 -30.14
76 120 152 7 -99 12.70737705 -27.63
77 120 174 -99 -99 11.17622378 -29.22
78 121 139 0 17.256 9.825742574 -99
79 121 142 -99 24.033 18.9615894 -29.34
80 121 142 5 25.292 14.23746313 -29.34
81 121 142 0 -99 -99 -99
82 122 130 -99 19.696 16.91881188 -99
83 122 137 -99 -99 15.271777 -28.42
84 122 130 27.5 24.496 20.21855204 -99
85 122 151 16 23.951 21.14513889 -29.76
86 122 151 -99 22.963 15.00488889 -28.46
87 123 148 -99 23.16 24.4047619 -99
88 123 177 10 -99 17.07991071 -28.27
89 0 0 -99 -99 -99 -99
90 0 0 -99 -99 -99 -99
91 0 0 -99 -99 -99 -99
92 0 0 -99 -99 -99 -99
93 0 0 -99 -99 -99 -99
94 0 0 -99 -99 -99 -99
95 0 0 -99 -99 -99 -99
96 0 0 -99 -99 -99 -99
97 0 0 -99 -99 -99 -99
98 0 0 -99 -99 -99 -99
99 0 0 -99 -99 -99 -99
100 0 0 -99 -99 -99 -99
101 0 0 -99 -99 -99 -99
102 0 0 -99 -99 -99 -99
103 0 0 -99 -99 -99 -99
104 0 0 -99 -99 -99 -99
105 0 0 -99 -99 -99 -99
106 0 0 -99 -99 -99 -99
107 0 0 -99 -99 -99 -99
108 0 0 -99 -99 -99 -99
109 0 0 -99 -99 -99 -99
110 0 0 -99 -99 -99 -99
111 0 0 -99 -99 -99 -99
112 0 0 -99 -99 -99 -99
113 0 0 -99 -99 -99 -99
114 0 0 -99 -99 -99 -99
115 0 0 -99 -99 -99 -99
116 0 0 -99 -99 -99 -99
117 0 0 -99 -99 -99 -99
118 0 0 -99 -99 -99 -99
119 0 0 -99 -99 -99 -99
120 0 0 -99 -99 -99 -99
121 0 0 -99 -99 -99 -99
122 0 0 -99 -99 -99 -99
123 0 0 -99 -99 -99 -99
124 0 0 -99 -99 -99 -99
125 0 0 -99 -99 -99 -99
126 0 0 -99 -99 -99 -99
127 0 0 -99 -99 -99 -99
128 0 0 -99 -99 -99 -99
129 0 0 -99 -99 -99 -99
130 0 0 -99 -99 -99 -99
131 0 0 -99 -99 -99 -99
132 0 0 -99 -99 -99 -99
133 0 0 -99 -99 -99 -99
134 0 0 -99 -99 -99 -99
135 0 0 -99 -99 -99 -99
136 0 0 -99 -99 -99 -99
137 0 0 -99 -99 -99 -99
138 0 0 -99 -99 -99 -99
139 0 0 -99 -99 -99 -99
140 0 0 -99 -99 -99 -99
141 0 0 -99 -99 -99 -99
142 0 0 -99 -99 -99 -99
143 0 0 -99 -99 -99 -99
144 0 0 -99 -99 -99 -99
145 0 0 -99 -99 -99 -99
146 0 0 -99 -99 -99 -99
147 0 0 -99 -99 -99 -99
148 0 0 -99 -99 -99 -99
149 0 0 -99 -99 -99 -99
150 0 0 -99 -99 -99 -99
151 0 0 -99 -99 -99 -99
152 0 0 -99 -99 -99 -99
153 0 0 -99 -99 -99 -99
154 0 0 -99 -99 -99 -99
155 0 0 -99 -99 -99 -99
156 0 0 -99 -99 -99 -99
157 0 0 -99 -99 -99 -99
158 0 0 -99 -99 -99 -99
159 0 0 -99 -99 -99 -99
160 0 0 -99 -99 -99 -99
161 0 0 -99 -99 -99 -99
162 0 0 -99 -99 -99 -99
163 0 0 -99 -99 -99 -99
164 0 0 -99 -99 -99 -99
165 0 0 -99 -99 -99 -99
166 0 0 -99 -99 -99 -99
167 0 0 -99 -99 -99 -99
168 0 0 -99 -99 -99 -99
169 0 0 -99 -99 -99 -99
170 0 0 -99 -99 -99 -99
171 0 0 -99 -99 -99 -99
172 0 0 -99 -99 -99 -99
173 0 0 -99 -99 -99 -99
174 0 0 -99 -99 -99 -99
175 0 0 -99 -99 -99 -99
176 0 0 -99 -99 -99 -99
177 0 0 -99 -99 -99 -99
0      