2 4 0 1 0  
3 1 25 28
1 170 214 17.6 25.725 -99 -29.39
2 170 215 50.45454545 30.306 12.29382716 -28.74
3 170 215 11.66666667 -99 -99 -28.73
4 171 216 2 22.343 -99 -28.4
5 171 216 0 24.368 10.89722222 -99
6 171 217 12 27.152 -99 -27.92
7 171 217 17.33333333 -99 7.421651786 -27.54
8 171 218 3 -99 12.87 -28.45
9 171 218 0 33.713 14.32524462 -27.45
10 171 216 -99 23.703 16.97291667 -28.84
11 171 218 9.333333333 -99 24.67235294 -29.73
12 172 219 4 27.677 14.68394004 -28.84
13 173 220 15 -99 -99 -29.49
14 173 221 8 23.091 19.62096774 -28.95
15 173 220 8 -99 17.00477387 -28.74
16 174 222 2 30.025 -99 -28.51
17 174 223 0 -99 18.68231293 -27.9
18 175 224 1 -99 15.55933014 -30.45
19 176 225 0 26.275 15.24714286 -30.67
20 176 226 -99 26.725 -99 -31.03
21 176 227 1 -99 -99 -30.56
22 176 227 54 -99 13.14146341 -28.57
23 176 225 0 -99 14.45806452 -99
24 177 228 6 25.508 -99 -28.81
25 177 229 0 18.507 15.89022801 -28.29
26 177 230 6 -99 -99 -29.79
27 177 228 0 20.905 14.66931818 -99
28 177 229 0 -99 -99 -28.74
29 177 230 0 -99 15.824 -28.87
30 178 231 0 -99 -99 -29.26
31 178 231 0 21.235 12.77948718 -28.58
32 178 231 13 28.317 10.31186813 -28.29
33 179 232 0 -99 -99 -99
34 179 232 12 -99 -99 -28.74
35 179 233 0 -99 12.92159091 -99
36 179 234 5 21.101 15.81148325 -29.04
37 180 235 -99 20.08 20.87105263 -99
38 180 235 3 -99 -99 -29.32
39 180 236 4 -99 -99 -99
40 180 236 -99 -99 -99 -99
41 181 237 20 -99 -99 -30.74
42 181 238 8 23.463 9.723828921 -29.9
43 181 239 14 20.609 15.37018868 -30.25
44 182 240 0 27.311 -99 -27.58
45 182 241 -99 -99 11.41287879 -29.3
46 182 242 9.6 26.336 10.97520436 -99
47 182 240 13 24.42 15.66106195 -28.93
48 183 243 2 -99 -99 -99
49 183 244 4 22.651 -99 -28.71
50 183 244 2 21.05 -99 -99
51 183 243 4.5 26.579 11.00941704 -28.61
52 183 243 -99 -99 15.8979798 -99
53 184 245 -99 -99 -99 -28.6
54 184 245 22.75 -99 14.80119048 -27.76
55 184 246 4 -99 16.8433526 -28.85
56 184 247 3 29.089 16.61581921 -30.37
57 184 247 5 22.175 18.55849057 -29
58 185 248 24 26.129 11.3937788 -29.59
59 185 249 0 -99 -99 -99
60 185 248 4 -99 13.11054852 -29.64
61 185 248 50.4 -99 -99 -29.43
62 185 249 -99 23.118 12.1320911 -29.31
63 186 250 5 -99 -99 -99
64 186 251 0 15.223 -99 -99
65 186 250 10 30.073 13.40105634 -30.29
66 186 252 2 -99 -99 -29.46
67 186 252 2 -99 -99 -28.11
68 186 250 0 -99 -99 -99
69 186 251 8 23.019 15.2373913 -28.85
70 187 253 0 -99 -99 -27.98
71 187 254 -99 23.384 10.63146853 -27
72 187 253 -99 17.626 17.40607735 -27.82
73 188 255 1 22.379 16.03684211 -28.94
74 188 256 6 -99 -99 -27.95
75 189 257 0 28.056 -99 -31.13
76 189 258 0 16.493 -99 -30.26
77 190 259 0 26.968 12.8993007 -30.49
78 190 260 3 19.62 -99 -99
79 190 261 1.5 19.142 13.37104247 -27.82
80 190 259 7.5 -99 17.05421903 -99
81 190 259 10.5 21.002 19.42873346 -30.07
82 191 262 2 16.539 16.20347826 -30.62
83 191 262 0 -99 -99 -30.54
84 192 263 0 14.009 -99 -99
85 192 264 41.07142857 23.09 -99 -25.96
86 192 264 0 -99 14.23194444 -99
87 192 265 3 24.086 14.38871795 -30.18
88 192 263 0 17.048 14.55673759 -29.98
89 193 266 6 -99 -99 -31.81
90 193 266 -99 -99 -99 -31.43
91 193 267 2 25.09 18.67619048 -99
92 193 268 20 28.35 11.14953271 -29.55
93 194 269 4 -99 13.62039801 -29.14
94 194 270 35.2 26.309 -99 -31.85
95 194 271 0 -99 -99 -28.97
96 195 272 20 39.359 -99 -30.08
97 195 273 7 32.895 13.78280347 -27.9
98 195 274 -99 24.019 16.77037037 -30.97
99 196 275 2 -99 16.17180328 -31.67
100 196 275 4 -99 20.22307692 -99
101 197 276 0 18.816 -99 -99
102 197 276 -99 16.314 -99 -30.27
103 197 276 -99 -99 -99 -99
104 197 277 2.666666667 18.95 16.12013423 -31.67
105 197 278 5 20.337 -99 -30.57
106 198 279 56.25 26.29 -99 -29.46
107 198 279 12 22.639 15.06941489 -30.99
108 198 280 6 26.643 17.68522167 -29.68
109 198 279 -99 26.503 14.17009346 -99
110 198 281 0 30.68 12.02453704 -27.89
111 199 282 -99 25.945 -99 -99
112 199 282 16 27.615 -99 -29.16
113 199 283 10 25.714 15.16069182 -29.38
114 199 282 16.25 26.241 15.90496278 -28.77
115 200 284 3 31.331 -99 -27.89
116 200 285 -99 20.565 -99 -30.03
117 200 285 3 20.222 -99 -30.13
118 200 286 35 -99 -99 -29.83
119 200 285 0 -99 18.67868852 -99
120 201 287 0 -99 16.01544118 -28.43
121 201 287 5 8.152 -99 -29.09
122 201 288 6 27.93 -99 -28.94
123 201 289 10.66666667 -99 -99 -30.78
124 201 288 0 18.537 -99 -99
125 202 290 7.2 27.071 17.61584158 -28.98
126 202 291 0 24.871 12.06734694 -28.65
127 202 291 0 17.768 14.1090566 -99
128 203 292 1 21.52 16.54842105 -30.62
129 203 293 122.3529412 27.808 -99 -30.82
130 204 294 26 30.224 -99 -27.49
131 204 295 17 24.627 14.80847107 -30.25
132 204 296 17.5 -99 18.73135135 -29.6
133 205 297 0 27.473 -99 -28.91
134 205 298 1 29.949 15.37756098 -99
135 205 298 10.66666667 -99 15.14485597 -30.26
136 206 299 25 24.599 -99 -99
137 206 299 -99 -99 -99 -25.69
138 206 299 0 -99 14.71882845 -99
139 206 300 21.85714286 25.468 -99 -28.23
140 207 301 4 -99 12.11734475 -28.7
141 207 301 -99 27.881 12.03805031 -29.07
142 207 302 2 24.959 17.56461538 -28.64
143 207 301 75.85714286 27.258 13.68654434 -28.95
144 208 303 0 26.275 11.44492386 -99
145 208 304 1 29.943 12.62108844 -30.76
146 208 305 21.66666667 22.815 -99 -29.68
147 208 303 1 -99 16.38134921 -30.78
148 209 306 8 30.596 15.96638079 -29.01
149 209 307 0 26.256 15.25960265 -28.98
150 209 307 -99 -99 11.88438438 -99
151 210 308 -99 26.383 -99 -32.09
152 210 309 -99 28.194 -99 -29.91
153 210 309 2 14.85 -99 -31.09
154 210 309 -99 23.075 -99 -99
155 210 308 0 21.874 20.83679245 -29.25
156 210 310 6 25.719 97.67777778 -30.95
157 211 311 3 -99 18.64339623 -29.36
158 211 312 5 24.977 13.48502024 -27.84
159 211 312 2 -99 -99 -30.73
160 211 311 -99 -99 -99 -99
161 211 311 -99 19.859 -99 -99
162 212 313 0 29.725 -99 -30.39
163 212 314 15 31.526 12.74583333 -99
164 212 314 0 20.503 -99 -28.75
165 212 315 23 26.407 14.01423221 -99
166 213 316 4 31.615 -99 -27.58
167 213 317 14.4 27.038 -99 -28.98
168 213 317 27 28.646 10.28846154 -28.74
169 213 318 6 27.222 19.34178404 -99
170 0 0 -99 -99 -99 -99
171 0 0 -99 -99 -99 -99
172 0 0 -99 -99 -99 -99
173 0 0 -99 -99 -99 -99
174 0 0 -99 -99 -99 -99
175 0 0 -99 -99 -99 -99
176 0 0 -99 -99 -99 -99
177 0 0 -99 -99 -99 -99
178 0 0 -99 -99 -99 -99
179 0 0 -99 -99 -99 -99
180 0 0 -99 -99 -99 -99
181 0 0 -99 -99 -99 -99
182 0 0 -99 -99 -99 -99
183 0 0 -99 -99 -99 -99
184 0 0 -99 -99 -99 -99
185 0 0 -99 -99 -99 -99
186 0 0 -99 -99 -99 -99
187 0 0 -99 -99 -99 -99
188 0 0 -99 -99 -99 -99
189 0 0 -99 -99 -99 -99
190 0 0 -99 -99 -99 -99
191 0 0 -99 -99 -99 -99
192 0 0 -99 -99 -99 -99
193 0 0 -99 -99 -99 -99
194 0 0 -99 -99 -99 -99
195 0 0 -99 -99 -99 -99
196 0 0 -99 -99 -99 -99
197 0 0 -99 -99 -99 -99
198 0 0 -99 -99 -99 -99
199 0 0 -99 -99 -99 -99
200 0 0 -99 -99 -99 -99
201 0 0 -99 -99 -99 -99
202 0 0 -99 -99 -99 -99
203 0 0 -99 -99 -99 -99
204 0 0 -99 -99 -99 -99
205 0 0 -99 -99 -99 -99
206 0 0 -99 -99 -99 -99
207 0 0 -99 -99 -99 -99
208 0 0 -99 -99 -99 -99
209 0 0 -99 -99 -99 -99
210 0 0 -99 -99 -99 -99
211 0 0 -99 -99 -99 -99
212 0 0 -99 -99 -99 -99
213 0 0 -99 -99 -99 -99
214 0 0 -99 -99 -99 -99
215 0 0 -99 -99 -99 -99
216 0 0 -99 -99 -99 -99
217 0 0 -99 -99 -99 -99
218 0 0 -99 -99 -99 -99
219 0 0 -99 -99 -99 -99
220 0 0 -99 -99 -99 -99
221 0 0 -99 -99 -99 -99
222 0 0 -99 -99 -99 -99
223 0 0 -99 -99 -99 -99
224 0 0 -99 -99 -99 -99
225 0 0 -99 -99 -99 -99
226 0 0 -99 -99 -99 -99
227 0 0 -99 -99 -99 -99
228 0 0 -99 -99 -99 -99
229 0 0 -99 -99 -99 -99
230 0 0 -99 -99 -99 -99
231 0 0 -99 -99 -99 -99
232 0 0 -99 -99 -99 -99
233 0 0 -99 -99 -99 -99
234 0 0 -99 -99 -99 -99
235 0 0 -99 -99 -99 -99
236 0 0 -99 -99 -99 -99
237 0 0 -99 -99 -99 -99
238 0 0 -99 -99 -99 -99
239 0 0 -99 -99 -99 -99
240 0 0 -99 -99 -99 -99
241 0 0 -99 -99 -99 -99
242 0 0 -99 -99 -99 -99
243 0 0 -99 -99 -99 -99
244 0 0 -99 -99 -99 -99
245 0 0 -99 -99 -99 -99
246 0 0 -99 -99 -99 -99
247 0 0 -99 -99 -99 -99
248 0 0 -99 -99 -99 -99
249 0 0 -99 -99 -99 -99
250 0 0 -99 -99 -99 -99
251 0 0 -99 -99 -99 -99
252 0 0 -99 -99 -99 -99
253 0 0 -99 -99 -99 -99
254 0 0 -99 -99 -99 -99
255 0 0 -99 -99 -99 -99
256 0 0 -99 -99 -99 -99
257 0 0 -99 -99 -99 -99
258 0 0 -99 -99 -99 -99
259 0 0 -99 -99 -99 -99
260 0 0 -99 -99 -99 -99
261 0 0 -99 -99 -99 -99
262 0 0 -99 -99 -99 -99
263 0 0 -99 -99 -99 -99
264 0 0 -99 -99 -99 -99
265 0 0 -99 -99 -99 -99
266 0 0 -99 -99 -99 -99
267 0 0 -99 -99 -99 -99
268 0 0 -99 -99 -99 -99
269 0 0 -99 -99 -99 -99
270 0 0 -99 -99 -99 -99
271 0 0 -99 -99 -99 -99
272 0 0 -99 -99 -99 -99
273 0 0 -99 -99 -99 -99
274 0 0 -99 -99 -99 -99
275 0 0 -99 -99 -99 -99
276 0 0 -99 -99 -99 -99
277 0 0 -99 -99 -99 -99
278 0 0 -99 -99 -99 -99
279 0 0 -99 -99 -99 -99
280 0 0 -99 -99 -99 -99
281 0 0 -99 -99 -99 -99
282 0 0 -99 -99 -99 -99
283 0 0 -99 -99 -99 -99
284 0 0 -99 -99 -99 -99
285 0 0 -99 -99 -99 -99
286 0 0 -99 -99 -99 -99
287 0 0 -99 -99 -99 -99
288 0 0 -99 -99 -99 -99
289 0 0 -99 -99 -99 -99
290 0 0 -99 -99 -99 -99
291 0 0 -99 -99 -99 -99
292 0 0 -99 -99 -99 -99
293 0 0 -99 -99 -99 -99
294 0 0 -99 -99 -99 -99
295 0 0 -99 -99 -99 -99
296 0 0 -99 -99 -99 -99
297 0 0 -99 -99 -99 -99
298 0 0 -99 -99 -99 -99
299 0 0 -99 -99 -99 -99
300 0 0 -99 -99 -99 -99
301 0 0 -99 -99 -99 -99
302 0 0 -99 -99 -99 -99
303 0 0 -99 -99 -99 -99
304 0 0 -99 -99 -99 -99
305 0 0 -99 -99 -99 -99
306 0 0 -99 -99 -99 -99
307 0 0 -99 -99 -99 -99
308 0 0 -99 -99 -99 -99
309 0 0 -99 -99 -99 -99
310 0 0 -99 -99 -99 -99
311 0 0 -99 -99 -99 -99
312 0 0 -99 -99 -99 -99
313 0 0 -99 -99 -99 -99
314 0 0 -99 -99 -99 -99
315 0 0 -99 -99 -99 -99
316 0 0 -99 -99 -99 -99
317 0 0 -99 -99 -99 -99
318 0 0 -99 -99 -99 -99
0 