ID	Block	Pop	CrossPop	SurvWin1	ReprS1	TotFr1	Seed1	Samp1	FruitSeed1	FruitSeedcr1	FruitSeedR1	SurvWin2	ReprS2	TotFr2	Seed2	Samp2	FruitSeed2	FruitSeedcr2	FruitSeedR2	SurvWin3	ReprS3	TotFr3	Seed3	Samp3	FruitSeed3	FruitSeedcr3	FruitSeedR3
1	S1	B	B	1	0	0	0	0	0	0	0	0	0	0	0	0	0	0	0	0	0	0	0	0	0	0	0
2	S1	C 	CA	1	0	0	0	0	0	0	0	1	0	0	0	0	0	0	0	1	0	0	0	3	0	0	0
3	S1	D	DB	1	1	12	16	3	64	4	64	1	1	5	4	3	6.666666667	1.882072058	7	1	0	0	0	0	0	0	0
4	S1	A	A	0	0	0	0	0	0	0	0	0	0	0	0	0	0	0	0	0	0	0	0	0	0	0	0
5	S1	D	DB	1	1	34	20	3	226.6666667	6.097182849	227	1	0	0	0	0	0	0	0	1	1	15	5	3	25	2.924017738	25
7	S1	D	DA 	1	1	19	34	3	215.3333333	5.993820799	215	1	0	0	0	0	0	0	0	0	0	0	0	0	0	0	0
8	S1	A	A	1	1	14	56	3	261.3333333	6.393395965	261	1	1	3	1	1	3	1.44224957	3	1	0	0	0	0	0	0	0
9	S1	D	DB	1	1	8	10	3	26.66666667	2.987603164	27	1	0	0	0	3	0	0	0	1	0	0	0	0	0	0	0
10	S1	B	B	1	1	7	30	3	70	4.1212853	70	0	0	0	0	0	0	0	0	0	0	0	0	0	0	0	0
13	S1	C 	CA	1	0	0	0	0	0	0	0	1	0	0	0	0	0	0	0	1	0	0	0	0	0	0	0
14	S1	D	DB	1	1	1	2	1	2	1.25992105	2	1	0	0	0	0	0	0	0	1	0	0	0	0	0	0	0
15	S1	C 	CB	1	1	3	8	3	8	2	8	0	0	0	0	0	0	0	0	0	0	0	0	0	0	0	0
17	S1	D	DA 	1	0	0	0	3	0	0	0	1	1	18	2	3	12	2.289428485	12	1	1	24	1	3	8	2	8
18	S1	A	A	1	1	10	2	3	6.666666667	1.882072058	7	1	1	13	2	3	8.666666667	2.054080049	9	1	1	6	22	3	44	3.530348335	44
19	S1	D	DA 	1	1	4	13	3	17.33333333	2.587978692	17	0	0	0	0	0	0	0	0	0	0	0	0	0	0	0	0
20	S1	C 	CB	1	1	21	9	3	63	3.979057208	63	1	1	11	3	3	11	2.223980091	11	1	1	14	1	3	4.666666667	1.671099312	5
21	S1	D	DA 	1	1	12	28	3	112	4.820284528	112	1	0	0	0	0	0	0	0	1	1	4	2	3	2.666666667	1.386722549	3
23	S1	D	DB	1	1	20	25	3	166.6666667	5.503212082	167	1	1	8	16	3	42.66666667	3.494321859	43	1	1	6	3	3	6	1.817120593	6
24	S1	D	DB	1	0	0	0	3	0	0	0	1	0	0	0	1	0	0	0	1	0	0	0	0	0	0	0
25	S1	D	DA 	1	1	11	51	3	187	5.718479065	187	1	0	0	0	0	0	0	0	1	0	0	0	0	0	0	0
26	S1	D	DA 	1	1	46	7	3	107.3333333	4.752384152	107	1	1	6	4	3	8	2	8	1	1	5	6	1	30	3.107232506	30
27	S1	C 	CB	1	1	18	31	3	186	5.708267473	186	1	1	4	9	3	12	2.289428485	12	1	1	2	8	2	8	2	8
28	S1	D	DB	1	1	37	9	3	111	4.805895534	111	0	0	0	0	0	0	0	0	0	0	0	0	0	0	0	0
29	S1	D	DB	1	1	3	25	3	25	2.924017738	25	1	0	0	0	0	0	0	0	1	0	0	0	0	0	0	0
30	S1	B	B	1	1	3	5	1	15	2.466212074	15	0	0	0	0	0	0	0	0	0	0	0	0	0	0	0	0
31	S1	C 	CB	0	0	0	0	0	0	0	0	0	0	0	0	0	0	0	0	0	0	0	0	0	0	0	0
32	S1	A	A	1	1	3	37	3	37	3.332221852	37	1	0	0	0	0	0	0	0	1	1	2	9	2	9	2.080083823	9
33	S1	A	A	1	1	5	40	3	66.66666667	4.05480133	67	1	0	0	0	0	0	0	0	1	0	0	0	0	0	0	0
34	S1	D	DB	1	1	23	10	3	76.66666667	4.248172994	77	1	0	0	0	3	0	0	0	1	1	7	1	3	2.333333333	1.326352403	2
35	S1	C 	CA	1	1	36	22	3	264	6.41506866	264	1	1	22	6	3	44	3.530348335	44	1	1	16	3	3	16	2.5198421	16
36	S1	D	DA 	1	1	23	20	3	153.3333333	5.352362578	153	1	1	4	7	1	28	3.036588972	28	1	0	0	0	3	0	0	0
39	S1	B	B	1	1	15	18	3	90	4.481404747	90	1	0	0	0	0	0	0	0	1	0	0	0	0	0	0	0
40	S1	C 	CB	1	1	7	11	3	25.66666667	2.949781337	26	1	0	0	0	0	0	0	0	1	1	5	7	3	11.66666667	2.268030706	12
41	S1	D	DA 	1	1	22	17	3	124.6666667	4.9955516	125	1	0	0	0	0	0	0	0	0	0	0	0	0	0	0	0
42	S1	A	A	1	1	8	17	3	45.33333333	3.565654161	45	1	0	0	0	0	0	0	0	1	0	0	0	0	0	0	0
43	S1	D	DA 	1	1	5	19	3	31.66666667	3.163739986	32	1	1	2	16	2	16	2.5198421	16	1	0	0	0	0	0	0	0
44	S1	C 	CA	1	1	24	28	3	224	6.073177944	224	1	0	0	0	0	0	0	0	1	1	9	3	3	9	2.080083823	9
45	S1	D	DA 	1	1	1	6	1	6	1.817120593	6	0	0	0	0	0	0	0	0	0	0	0	0	0	0	0	0
46	S1	C 	CA	0	0	0	0	0	0	0	0	0	0	0	0	0	0	0	0	0	0	0	0	0	0	0	0
47	S1	D	DB	1	1	9	33	3	99	4.626065009	99	1	1	6	29	3	58	3.870876641	58	1	1	4	6	3	8	2	8
49	S1	C	CA	1	1	4	6	3	8	2	8	1	0	0	0	2	0	0	0	1	0	0	0	0	0	0	0
51	S1	C 	CA	1	1	12	40	3	160	5.428835233	160	1	0	0	0	0	0	0	0	0	0	0	0	0	0	0	0
58	S1	C 	DA 	1	0	0	0	0	0	0	0	0	0	0	0	0	0	0	0	0	0	0	0	0	0	0	0
59	S1	C 	CB	1	1	19	18	3	114	4.848807586	114	1	1	7	10	3	23.33333333	2.857539627	23	1	0	0	0	0	0	0	0
61	S1	C 	CB	1	1	5	16	3	26.66666667	2.987603164	27	1	1	3	7	3	7	1.912931183	7	1	0	0	0	2	0	0	0
62	S1	D	DB	1	1	5	8	3	13.33333333	2.371262203	13	1	1	4	12	3	16	2.5198421	16	1	0	0	0	0	0	0	0
63	S1	C 	CA	1	1	7	4	3	9.333333333	2.105453199	9	1	1	13	3	3	13	2.351334688	13	1	1	6	2	3	4	1.587401052	4
66	S1	D	DA 	1	1	18	12	3	72	4.160167646	72	1	0	0	0	3	0	0	0	1	0	0	0	0	0	0	0
67	S1	B	B	0	0	0	0	0	0	0	0	0	0	0	0	0	0	0	0	0	0	0	0	0	0	0	0
68	S1	C 	CA	1	1	5	9	3	15	2.466212074	15	1	0	0	0	0	0	0	0	1	0	0	0	0	0	0	0
69	S1	B	B	1	1	41	37	3	505.6666667	7.966876936	506	0	0	0	0	0	0	0	0	0	0	0	0	0	0	0	0
70	S1	D	DB	1	1	24	2	3	16	2.5198421	16	1	1	11	3	3	11	2.223980091	11	1	0	0	0	1	0	0	0
72	S1	D	DB	1	1	42	7	3	98	4.610436292	98	1	0	0	0	0	0	0	0	1	1	8	24	3	64	4	64
74	S1	B	B	1	1	40	23	3	306.6666667	6.74355428	307	0	0	0	0	0	0	0	0	0	0	0	0	0	0	0	0
77	S1	D	DB	1	1	8	24	3	64	4	64	1	0	0	0	0	0	0	0	1	1	1	2	1	2	1.25992105	2
79	S1	A	A	1	1	7	27	3	63	3.979057208	63	1	0	0	0	0	0	0	0	1	0	0	0	0	0	0	0
80	S1	A	A	1	0	0	0	0	0	0	0	1	0	0	0	0	0	0	0	0	0	0	0	0	0	0	0
81	S1	C 	CB	1	1	2	3	2	3	1.44224957	3	1	0	0	0	0	0	0	0	1	0	0	0	0	0	0	0
82	S1	B	B	1	1	7	21	3	49	3.65930571	49	0	0	0	0	0	0	0	0	0	0	0	0	0	0	0	0
83	S1	D	DA 	1	1	3	30	3	30	3.107232506	30	1	0	0	0	0	0	0	0	1	0	0	0	0	0	0	0
86	S1	D	DA 	1	1	31	19	3	196.3333333	5.812076831	196	1	1	8	2	3	5.333333333	1.747160929	5	1	1	16	8	3	42.66666667	3.494321859	43
90	S1	A	A	1	1	16	39	3	208	5.924992137	208	1	1	6	36	3	72	4.160167646	72	1	1	1	9	1	9	2.080083823	9
92	S1	D	DA 	1	1	10	13	3	43.33333333	3.512427477	43	1	1	1	4	1	4	1.587401052	4	1	1	3	11	3	11	2.223980091	11
93	S1	D	DA 	1	1	22	29	3	212.6666667	5.968975661	213	1	1	8	6	3	16	2.5198421	16	1	1	4	7	1	28	3.036588972	28
94	S1	D	DB	1	1	16	5	3	26.66666667	2.987603164	27	1	0	0	0	0	0	0	0	0	0	0	0	0	0	0	0
95	S1	D	DB	1	1	7	32	3	74.66666667	4.210906399	75	1	0	0	0	0	0	0	0	1	0	0	0	0	0	0	0
96	S1	D	DA 	1	1	5	12	3	20	2.714417617	20	1	0	0	0	1	0	0	0	1	0	0	0	0	0	0	0
99	S1	D	DA 	1	1	50	8	3	133.3333333	5.108729549	133	0	0	0	0	0	0	0	0	0	0	0	0	0	0	0	0
102	S1	D	DB	1	1	72	16	3	384	7.268482371	384	1	0	0	0	3	0	0	0	1	1	13	25	3	108.3333333	4.767097509	108
105	S1	B	B	1	1	14	14	3	65.33333333	4.027587079	65	1	0	0	0	0	0	0	0	0	0	0	0	0	0	0	0
106	S1	B	B	1	0	0	0	0	0	0	0	0	0	0	0	0	0	0	0	0	0	0	0	0	0	0	0
107	S1	D	DA 	1	1	25	12	3	100	4.641588834	100	1	1	22	5	3	36.66666667	3.322184978	37	1	0	0	0	3	0	0	0
108	S1	D	DB	1	1	34	2	3	22.66666667	2.830061583	23	1	0	0	0	0	0	0	0	0	0	0	0	0	0	0	0
109	S1	D	DA 	0	0	0	0	0	0	0	0	0	0	0	0	0	0	0	0	0	0	0	0	0	0	0	0
110	S1	B	B	0	0	0	0	0	0	0	0	0	0	0	0	0	0	0	0	0	0	0	0	0	0	0	0
111	S1	D	DB	1	1	3	16	2	24	2.884499141	24	1	0	0	0	2	0	0	0	1	0	0	0	0	0	0	0
112	S1	B	B	1	1	9	11	3	33	3.20753433	33	0	0	0	0	0	0	0	0	0	0	0	0	0	0	0	0
113	S1	A	A	1	1	4	28	3	37.33333333	3.342198623	37	1	0	0	0	0	0	0	0	1	0	0	0	0	0	0	0
114	S1	D	DA 	1	1	11	15	3	55	3.802952461	55	1	0	0	0	0	0	0	0	1	1	2	4	2	4	1.587401052	4
115	S1	D	DA 	1	1	41	26	3	355.3333333	7.082914239	355	1	1	14	14	3	65.33333333	4.027587079	65	1	1	16	15	3	80	4.30886938	80
116	S1	A	A	1	1	12	34	3	136	5.142563181	136	1	0	0	0	0	0	0	0	1	0	0	0	0	0	0	0
117	S1	A	A	1	1	15	36	3	180	5.646216173	180	1	0	0	0	0	0	0	0	1	0	0	0	0	0	0	0
118	S1	C 	CA	1	1	25	23	3	191.6666667	5.765657807	192	1	1	9	12	3	36	3.301927249	36	1	1	4	1	2	2	1.25992105	2
120	S1	D	DB	1	1	36	15	3	180	5.646216173	180	1	1	6	3	1	18	2.620741394	18	1	1	34	1	3	11.33333333	2.246221367	11
121	S1	D	DB	1	1	16	22	3	117.3333333	4.895613641	117	1	1	18	21	3	126	5.013297935	126	1	1	16	9	3	48	3.634241186	48
125	S1	D	DA 	1	1	13	16	3	69.33333333	4.108160098	69	1	1	3	1	3	1	1	1	1	0	0	0	0	0	0	0
126	S1	B	B	1	1	12	23	3	92	4.514357435	92	0	0	0	0	0	0	0	0	0	0	0	0	0	0	0	0
128	S1	D	DA 	1	1	9	9	3	27	3	27	1	0	0	0	3	0	0	0	1	0	0	0	0	0	0	0
129	S1	D	DB	1	1	18	16	3	96	4.57885697	96	1	0	0	0	0	0	0	0	1	0	0	0	0	0	0	0
130	S1	D	DB	1	1	40	2	3	26.66666667	2.987603164	27	1	0	0	0	0	0	0	0	1	1	8	15	3	40	3.419951893	40
131	S1	D	DA 	1	1	95	24	3	760	9.125805271	760	1	0	0	0	0	0	0	0	1	0	0	0	0	0	0	0
132	S1	D	DB	1	1	20	12	3	80	4.30886938	80	0	0	0	0	0	0	0	0	0	0	0	0	0	0	0	0
133	S1	D	DB	1	1	25	13	3	108.3333333	4.767097509	108	0	0	0	0	0	0	0	0	0	0	0	0	0	0	0	0
136	S2	D	DB	1	1	7	11	3	25.66666667	2.949781337	26	0	0	0	0	0	0	0	0	0	0	0	0	0	0	0	0
137	S2	A	A	1	1	11	70	3	256.6666667	6.35511124	257	1	0	0	0	0	0	0	0	1	1	11	11	3	40.33333333	3.429425493	40
138	S2	B	B	1	1	21	22	3	154	5.360108411	154	0	0	0	0	0	0	0	0	0	0	0	0	0	0	0	0
139	S2	D	DA 	1	1	36	15	3	180	5.646216173	180	1	1	24	19	3	152	5.336803297	152	1	1	18	3	3	18	2.620741394	18
140	S2	D	DB	0	0	0	0	0	0	0	0	0	0	0	0	0	0	0	0	0	0	0	0	0	0	0	0
141	S2	A	A	1	1	6	11	3	22	2.802039331	22	1	1	11	20	3	73.33333333	4.185690785	73	1	1	11	50	3	183.3333333	5.680856403	183
142	S2	D	DB	1	1	24	20	3	160	5.428835233	160	1	1	7	20	3	46.66666667	3.600274328	47	1	1	2	7	2	7	1.912931183	7
143	S2	B	B	1	1	22	14	3	102.6666667	4.682485997	103	0	0	0	0	0	0	0	0	0	0	0	0	0	0	0	0
144	S2	D	DB	1	1	8	19	3	50.66666667	3.700332735	51	0	0	0	0	0	0	0	0	0	0	0	0	0	0	0	0
146	S2	C 	CB	1	1	9	22	3	66	4.041240021	66	1	1	3	7	3	7	1.912931183	7	1	1	9	1	3	3	1.44224957	3
147	S2	B	B	1	1	27	24	3	216	6	216	0	0	0	0	0	0	0	0	0	0	0	0	0	0	0	0
148	S2	D	DA 	1	1	11	19	3	69.66666667	4.114733166	70	1	0	0	0	0	0	0	0	0	0	0	0	0	0	0	0
150	S2	D	DA 	1	1	56	11	3	205.3333333	5.899562673	205	1	1	14	4	3	18.66666667	2.652704805	19	1	1	45	4	3	60	3.914867641	60
151	S2	D	DA 	1	1	62	39	3	806	9.306327832	806	1	1	24	11	3	88	4.447960181	88	1	1	30	2	3	20	2.714417617	20
152	S2	B	B	1	1	21	18	3	126	5.013297935	126	0	0	0	0	0	0	0	0	0	0	0	0	0	0	0	0
153	S2	D	DB	1	1	31	24	3	248	6.282761305	248	1	0	0	0	1	0	0	0	0	0	0	0	0	0	0	0
156	S2	D	DB	1	1	60	18	3	360	7.113786609	360	0	0	0	0	0	0	0	0	0	0	0	0	0	0	0	0
157	S2	D	DB	1	1	31	13	3	134.3333333	5.121469576	134	1	1	4	1	2	2	1.25992105	2	1	1	18	3	3	18	2.620741394	18
158	S2	D	DB	1	1	10	6	3	20	2.714417617	20	1	1	5	6	3	10	2.15443469	10	1	1	5	4	3	6.666666667	1.882072058	7
159	S2	C 	CB	0	0	0	0	0	0	0	0	0	0	0	0	0	0	0	0	0	0	0	0	0	0	0	0
161	S2	C 	CA	1	1	46	7	3	107.3333333	4.752384152	107	1	0	0	0	0	0	0	0	1	1	7	5	3	11.66666667	2.268030706	12
162	S2	D	DA 	1	1	13	14	3	60.66666667	3.929313778	61	1	0	0	0	3	0	0	0	1	1	7	5	3	11.66666667	2.268030706	12
163	S2	C	CA	1	1	22	23	3	168.6666667	5.525137461	169	0	0	0	0	0	0	0	0	0	0	0	0	0	0	0	0
165	S2	C 	CB	1	1	7	25	3	58.33333333	3.878277952	58	1	1	7	11	3	25.66666667	2.949781337	26	1	0	0	0	3	0	0	0
168	S2	C 	CA	1	1	21	7	3	49	3.65930571	49	1	1	8	25	3	66.66666667	4.05480133	67	1	1	8	1	3	2.666666667	1.386722549	3
169	S2	D	DA 	1	1	30	31	3	310	6.767899452	310	1	0	0	0	3	0	0	0	1	0	0	0	3	0	0	0
170	S2	B	B	1	1	37	26	3	320.6666667	6.844650425	321	0	0	0	0	0	0	0	0	0	0	0	0	0	0	0	0
171	S2	A	A	1	1	9	30	3	90	4.481404747	90	1	0	0	0	3	0	0	0	1	0	0	0	0	0	0	0
172	S2	D	DA 	1	1	47	4	3	62.66666667	3.972027057	63	1	1	3	2	2	3	1.44224957	3	1	1	22	1	3	7.333333333	1.942825561	7
173	S2	C 	CA	1	1	17	19	3	107.6666667	4.757298721	108	1	1	5	9	3	15	2.466212074	15	1	1	11	1	3	3.666666667	1.54202167	4
174	S2	C 	CA	1	0	0	0	0	0	0	0	1	1	5	1	3	1.666666667	1.185631102	2	1	0	0	0	3	0	0	0
175	S2	C 	CA	0	0	0	0	0	0	0	0	0	0	0	0	0	0	0	0	0	0	0	0	0	0	0	0
176	S2	D	DA 	1	1	28	22	3	205.3333333	5.899562673	205	1	0	0	0	0	0	0	0	0	0	0	0	0	0	0	0
177	S2	D	DA 	1	1	75	14	3	350	7.047298732	350	1	0	0	0	3	0	0	0	1	1	42	1	3	14	2.410142264	14
178	S2	D	DA 	1	1	15	25	3	125	5	125	1	0	0	0	0	0	0	0	0	0	0	0	0	0	0	0
179	S2	D	DA 	1	1	32	27	3	288	6.603854498	288	1	1	17	2	3	11.33333333	2.246221367	11	1	1	16	1	3	5.333333333	1.747160929	5
181	S2	D	DB	1	1	13	31	3	134.3333333	5.121469576	134	0	0	0	0	0	0	0	0	0	0	0	0	0	0	0	0
183	S2	D	DA 	1	1	7	8	3	18.66666667	2.652704805	19	0	0	0	0	0	0	0	0	0	0	0	0	0	0	0	0
184	S2	C 	CB	1	1	47	12	3	188	5.728654316	188	1	1	8	3	3	8	2	8	1	0	0	0	3	0	0	0
185	S2	B	B	1	1	8	12	3	32	3.174802104	32	0	0	0	0	0	0	0	0	0	0	0	0	0	0	0	0
187	S2	D	DA 	1	1	27	9	3	81	4.326748711	81	1	1	18	17	3	102	4.672328728	102	1	0	0	0	3	0	0	0
190	S2	D	DB	1	1	21	5	3	35	3.27106631	35	1	0	0	0	3	0	0	0	1	1	20	6	3	40	3.419951893	40
191	S2	D	DA 	1	1	31	13	3	134.3333333	5.121469576	134	1	1	9	2	3	6	1.817120593	6	1	1	11	4	3	14.66666667	2.447806821	15
192	S2	C 	CB	1	1	8	24	3	64	4	64	1	1	6	5	3	10	2.15443469	10	1	1	3	2	3	2	1.25992105	2
193	S2	B	B	1	1	18	18	3	108	4.762203156	108	0	0	0	0	0	0	0	0	0	0	0	0	0	0	0	0
197	S2	D	DB	1	1	10	8	3	26.66666667	2.987603164	27	1	1	4	3	3	4	1.587401052	4	1	0	0	0	3	0	0	0
198	S2	D	DA 	1	1	27	10	3	90	4.481404747	90	1	0	0	0	0	0	0	0	1	1	12	1	3	4	1.587401052	4
199	S2	B	B	1	1	32	37	3	394.6666667	7.335169421	395	0	0	0	0	0	0	0	0	0	0	0	0	0	0	0	0
202	S2	C 	CB	0	0	0	0	0	0	0	0	0	0	0	0	0	0	0	0	0	0	0	0	0	0	0	0
204	S2	D	DA 	1	1	18	34	3	204	5.886765317	204	1	0	0	0	3	0	0	0	1	0	0	0	0	0	0	0
206	S2	A	A	1	0	0	0	0	0	0	0	1	0	0	0	0	0	0	0	1	0	0	0	0	0	0	0
207	S2	D	DB	1	1	47	29	3	454.3333333	7.687613375	454	1	1	24	5	3	40	3.419951893	40	1	1	11	7	3	25.66666667	2.949781337	26
208	S2	D	DA 	1	1	39	9	3	117	4.890973247	117	1	1	12	3	3	12	2.289428485	12	1	1	12	2	3	8	2	8
210	S2	B	B	1	1	13	34	3	147.3333333	5.281618216	147	0	0	0	0	0	0	0	0	0	0	0	0	0	0	0	0
212	S2	B	B	1	1	31	3	3	31	3.141380652	31	0	0	0	0	0	0	0	0	0	0	0	0	0	0	0	0
216	S2	D	DA 	1	1	23	5	3	38.33333333	3.37177714	38	1	0	0	0	0	0	0	0	0	0	0	0	0	0	0	0
217	S2	D	DB	1	1	35	13	3	151.6666667	5.332899271	152	1	0	0	0	3	0	0	0	1	0	0	0	0	0	0	0
219	S2	D	DB	1	1	67	3	3	67	4.0615481	67	1	1	22	2	3	14.66666667	2.447806821	15	1	1	21	1	3	7	1.912931183	7
220	S2	B	B	1	1	42	22	3	308	6.753313417	308	0	0	0	0	0	0	0	0	0	0	0	0	0	0	0	0
222	S2	D	DA 	1	1	28	10	3	93.33333333	4.536061411	93	1	1	2	1	1	2	1.25992105	2	1	0	0	0	3	0	0	0
223	S2	D	DB	1	1	11	14	3	51.33333333	3.716491598	51	1	0	0	0	0	0	0	0	1	1	5	1	3	1.666666667	1.185631102	2
224	S2	D	DB	1	1	48	14	3	224	6.073177944	224	1	0	0	0	0	0	0	0	0	0	0	0	0	0	0	0
226	S2	D	DA 	1	1	21	9	3	63	3.979057208	63	1	1	5	8	3	13.33333333	2.371262203	13	1	0	0	0	3	0	0	0
227	S2	D	DB	1	1	13	1	3	4.333333333	1.630324415	4	1	1	6	5	3	10	2.15443469	10	1	1	5	2	3	3.333333333	1.493801582	3
229	S2	D	DB	1	1	19	3	3	19	2.668401649	19	1	0	0	0	0	0	0	0	1	1	7	1	3	2.333333333	1.326352403	2
231	S2	D	DA 	1	1	73	23	3	559.6666667	8.240934845	560	1	0	0	0	0	0	0	0	0	0	0	0	0	0	0	0
232	S2	A	A	1	1	9	60	3	180	5.646216173	180	1	0	0	0	0	0	0	0	1	1	2	22	2	22	2.802039331	22
233	S2	D	DA 	1	1	51	23	3	391	7.312382812	391	1	0	0	0	0	0	0	0	0	0	0	0	0	0	0	0
234	S2	B	B	0	0	0	0	0	0	0	0	0	0	0	0	0	0	0	0	0	0	0	0	0	0	0	0
235	S2	C 	CB	1	1	7	42	3	98	4.610436292	98	1	1	8	27	3	72	4.160167646	72	1	0	0	0	0	0	0	0
236	S2	C 	CB	0	0	0	0	0	0	0	0	0	0	0	0	0	0	0	0	0	0	0	0	0	0	0	0
238	S2	B	B	1	1	38	18	3	228	6.109114744	228	1	0	0	0	3	0	0	0	0	0	0	0	0	0	0	0
239	S2	A	A	1	1	11	22	3	80.66666667	4.320805367	81	1	0	0	0	0	0	0	0	1	1	6	23	3	46	3.583047871	46
240	S2	C 	CB	0	0	0	0	0	0	0	0	0	0	0	0	0	0	0	0	0	0	0	0	0	0	0	0
243	S2	C	CA	1	1	10	19	3	63.33333333	3.986062605	63	1	1	2	2	2	2	1.25992105	2	1	1	14	2	3	9.333333333	2.105453199	9
244	S2	B	B	1	1	5	7	3	11.66666667	2.268030706	12	0	0	0	0	0	0	0	0	0	0	0	0	0	0	0	0
245	S2	D	DB	1	1	3	16	3	16	2.5198421	16	1	0	0	0	0	0	0	0	1	0	0	0	0	0	0	0
246	S2	D	DA 	1	1	16	23	3	122.6666667	4.968693276	123	1	0	0	0	0	0	0	0	1	1	6	2	3	4	1.587401052	4
249	S2	A	A	1	1	38	57	3	722	8.971100718	722	1	1	18	46	3	276	6.510830072	276	1	0	0	0	3	0	0	0
251	S2	C 	CA	1	1	17	22	3	124.6666667	4.9955516	125	1	1	9	5	3	15	2.466212074	15	1	1	8	5	3	13.33333333	2.371262203	13
252	S2	D	DB	1	1	16	24	3	128	5.0396842	128	1	1	7	11	3	25.66666667	2.949781337	26	1	1	6	1	3	2	1.25992105	2
253	S2	A	A	1	1	10	19	3	63.33333333	3.986062605	63	1	0	0	0	0	0	0	0	1	0	0	0	0	0	0	0
254	S2	D	DB	1	1	46	35	3	536.6666667	8.12646259	537	1	1	11	1	3	3.666666667	1.54202167	4	1	1	21	3	3	21	2.758924176	21
255	S2	D	DA 	1	1	34	25	3	283.3333333	6.567991121	283	1	1	8	5	3	13.33333333	2.371262203	13	1	1	17	6	3	34	3.239611801	34
256	S2	C 	CB	0	0	0	0	0	0	0	0	0	0	0	0	0	0	0	0	0	0	0	0	0	0	0	0
258	S2	D	DB	1	1	11	12	3	44	3.530348335	44	1	1	7	7	3	16.33333333	2.53722087	16	1	1	5	12	3	20	2.714417617	20
263	S2	D	DB	1	1	26	35	3	303.3333333	6.719032047	303	1	0	0	0	0	0	0	0	1	1	9	1	3	3	1.44224957	3
265	S2	A	A	1	1	31	35	3	361.6666667	7.124747777	362	1	0	0	0	0	0	0	0	1	1	4	48	3	64	4	64
266	S2	D	DB	1	1	36	18	3	216	6	216	1	0	0	0	2	0	0	0	1	0	0	0	3	0	0	0
268	S2	A	A	1	1	5	11	3	18.33333333	2.636819964	18	1	0	0	0	0	0	0	0	1	0	0	0	0	0	0	0
269	S2	D	DA 	1	1	14	31	3	144.6666667	5.249559046	145	0	0	0	0	0	0	0	0	0	0	0	0	0	0	0	0
270	S2	D	DA 	1	1	17	31	3	175.6666667	5.600538497	176	1	0	0	0	0	0	0	0	1	0	0	0	3	0	0	0
272	S3	C 	CB	0	0	0	0	0	0	0	0	0	0	0	0	0	0	0	0	0	0	0	0	0	0	0	0
273	S3	D	DB	1	1	26	9	3	78	4.272658682	78	1	1	10	1	3	3.333333333	1.493801582	3	1	1	27	1	3	9	2.080083823	9
274	S3	B	B	0	0	0	0	0	0	0	0	0	0	0	0	0	0	0	0	0	0	0	0	0	0	0	0
275	S3	D	DB	1	1	3	27	3	27	3	27	1	1	2	3	2	3	1.44224957	3	1	1	2	4	2	4	1.587401052	4
276	S3	D	DA 	1	1	6	18	3	36	3.301927249	36	1	1	2	1	1	2	1.25992105	2	1	0	0	0	0	0	0	0
278	S3	A	A	1	1	12	45	3	180	5.646216173	180	1	0	0	0	0	0	0	0	1	0	0	0	0	0	0	0
279	S3	C 	CB	1	1	39	5	3	65	4.020725759	65	1	1	23	1	3	7.666666667	1.971827233	8	1	1	36	3	3	36	3.301927249	36
280	S3	C 	CB	1	1	19	8	3	50.66666667	3.700332735	51	1	0	0	0	0	0	0	0	1	1	5	2	3	3.333333333	1.493801582	3
281	S3	D	DB	1	1	43	22	3	315.3333333	6.806491302	315	1	0	0	0	0	0	0	0	0	0	0	0	0	0	0	0
282	S3	C	CA	1	1	24	18	3	144	5.241482788	144	1	1	5	1	3	1.666666667	1.185631102	2	1	1	22	5	3	36.66666667	3.322184978	37
283	S3	B	B	0	0	0	0	0	0	0	0	0	0	0	0	0	0	0	0	0	0	0	0	0	0	0	0
285	S3	D	DB	1	1	11	11	3	40.33333333	3.429425493	40	0	0	0	0	0	0	0	0	0	0	0	0	0	0	0	0
287	S3	A	A	1	1	6	35	3	70	4.1212853	70	1	1	4	4	3	5.333333333	1.747160929	5	1	0	0	0	0	0	0	0
289	S3	C 	CA	1	1	3	29	3	29	3.072316826	29	1	0	0	0	3	0	0	0	1	1	5	1	3	1.666666667	1.185631102	2
291	S3	D	DA 	1	1	26	15	3	130	5.065797019	130	0	0	0	0	0	0	0	0	0	0	0	0	0	0	0	0
292	S3	A	A	1	1	5	26	3	43.33333333	3.512427477	43	1	1	8	12	3	32	3.174802104	32	1	1	4	23	3	30.66666667	3.130080624	31
294	S3	C 	CA	1	1	16	31	3	165.3333333	5.48849754	165	1	1	17	28	3	158.6666667	5.413713052	159	1	1	11	3	3	11	2.223980091	11
295	S3	D	DB	1	1	6	3	3	6	1.817120593	6	0	0	0	0	0	0	0	0	0	0	0	0	0	0	0	0
297	S3	D	DA 	1	1	5	10	3	16.66666667	2.554364775	17	0	0	0	0	0	0	0	0	0	0	0	0	0	0	0	0
298	S3	B	B	1	1	8	13	3	34.66666667	3.260648831	35	0	0	0	0	0	0	0	0	0	0	0	0	0	0	0	0
299	S3	C 	CB	1	1	6	20	3	40	3.419951893	40	1	1	6	18	3	36	3.301927249	36	1	1	7	11	3	25.66666667	2.949781337	26
300	S3	D	DA 	1	1	32	17	3	181.3333333	5.660123166	181	1	1	2	1	1	2	1.25992105	2	1	1	14	4	3	18.66666667	2.652704805	19
301	S3	D	DB	1	1	16	27	3	144	5.241482788	144	1	0	0	0	2	0	0	0	1	0	0	0	3	0	0	0
302	S3	D	DA 	1	1	27	4	3	36	3.301927249	36	1	1	18	21	3	126	5.013297935	126	1	0	0	0	3	0	0	0
303	S3	B	B	1	1	22	11	3	80.66666667	4.320805367	81	0	0	0	0	0	0	0	0	0	0	0	0	0	0	0	0
305	S3	D	DA 	1	1	46	11	3	168.6666667	5.525137461	169	1	1	24	17	3	136	5.142563181	136	1	1	23	2	3	15.33333333	2.484346638	15
306	S3	C 	CA	0	0	0	0	0	0	0	0	0	0	0	0	0	0	0	0	0	0	0	0	0	0	0	0
308	S3	C	CA	1	1	25	30	3	250	6.299605249	250	1	1	19	20	3	126.6666667	5.022124182	127	1	1	28	6	3	56	3.825862366	56
309	S3	D	DA 	1	1	18	9	3	54	3.77976315	54	1	1	9	23	3	69	4.10156593	69	1	1	15	15	3	75	4.217163327	75
311	S3	D	DA 	1	0	0	0	0	0	0	0	0	0	0	0	0	0	0	0	0	0	0	0	0	0	0	0
312	S3	D	DA 	0	0	0	0	0	0	0	0	0	0	0	0	0	0	0	0	0	0	0	0	0	0	0	0
313	S3	D	DA 	1	0	0	0	0	0	0	0	0	0	0	0	0	0	0	0	0	0	0	0	0	0	0	0
317	S3	D	DA 	1	1	19	43	3	272.3333333	6.481869264	272	1	0	0	0	0	0	0	0	1	1	4	3	1	12	2.289428485	12
321	S3	C 	CB	1	1	28	28	3	261.3333333	6.393395965	261	1	1	18	16	3	96	4.57885697	96	1	1	23	7	3	53.66666667	3.771969802	54
322	S3	D	DA 	1	1	38	25	3	316.6666667	6.816071176	317	1	1	12	10	3	40	3.419951893	40	1	1	25	9	3	75	4.217163327	75
325	S3	D	DA 	0	0	0	0	0	0	0	0	0	0	0	0	0	0	0	0	0	0	0	0	0	0	0	0
327	S3	D	DA 	1	1	13	15	3	65	4.020725759	65	0	0	0	0	0	0	0	0	0	0	0	0	0	0	0	0
328	S3	D	DB	1	1	3	6	2	9	2.080083823	9	0	0	0	0	0	0	0	0	0	0	0	0	0	0	0	0
329	S3	D	DA 	1	1	19	7	3	44.33333333	3.539240938	44	1	0	0	0	0	0	0	0	1	1	2	1	2	1	1	1
331	S3	C 	CB	1	1	3	15	2	22.5	2.823108087	23	1	0	0	0	0	0	0	0	1	1	3	15	2	22.5	2.823108087	23
332	S3	C 	CB	1	1	12	42	3	168	5.517848353	168	1	0	0	0	0	0	0	0	1	1	6	17	3	34	3.239611801	34
333	S3	D	DA 	1	1	23	40	3	306.6666667	6.74355428	307	1	1	18	14	3	84	4.37951914	84	1	1	21	14	3	98	4.610436292	98
334	S3	B	B	1	1	15	7	3	35	3.27106631	35	0	0	0	0	0	0	0	0	0	0	0	0	0	0	0	0
336	S3	D	DB	1	1	25	2	3	16.66666667	2.554364775	17	1	0	0	0	0	0	0	0	0	0	0	0	0	0	0	0
337	S3	B	B	1	1	28	14	3	130.6666667	5.074441741	131	0	0	0	0	0	0	0	0	0	0	0	0	0	0	0	0
338	S3	A	A	1	1	7	46	3	107.3333333	4.752384152	107	1	0	0	0	0	0	0	0	1	0	0	0	0	0	0	0
339	S3	D	DB	1	1	3	12	3	12	2.289428485	12	1	1	6	7	3	14	2.410142264	14	1	1	3	2	3	2	1.25992105	2
340	S3	D	DB	1	1	14	12	3	56	3.825862366	56	1	1	8	4	3	10.66666667	2.201284833	11	1	1	7	1	3	2.333333333	1.326352403	2
341	S3	D	DB	1	1	3	13	3	13	2.351334688	13	0	0	0	0	0	0	0	0	0	0	0	0	0	0	0	0
342	S3	D	DB	1	1	37	12	3	148	5.289572473	148	1	1	11	3	3	11	2.223980091	11	1	1	16	5	3	26.66666667	2.987603164	27
343	S3	D	DA 	1	1	16	16	3	85.33333333	4.402569665	85	1	0	0	0	0	0	0	0	1	0	0	0	0	0	0	0
344	S3	D	DB	1	1	2	10	2	10	2.15443469	10	1	0	0	0	0	0	0	0	0	0	0	0	0	0	0	0
345	S3	A	A	1	1	5	51	3	85	4.396829672	85	1	0	0	0	0	0	0	0	1	0	0	0	0	0	0	0
346	S3	A	A	1	1	16	24	3	128	5.0396842	128	1	1	6	12	3	24	2.884499141	24	1	1	7	20	3	46.66666667	3.600274328	47
347	S3	D	DA 	1	1	41	31	3	423.6666667	7.510602289	424	1	0	0	0	0	0	0	0	0	0	0	0	0	0	0	0
348	S3	C 	CB	1	1	58	54	3	1044	10.14456664	1044	1	1	21	6	3	42	3.476026645	42	1	1	19	4	3	25.33333333	2.936956038	25
349	S3	D	DB	1	1	33	1	3	11	2.223980091	11	1	1	19	2	3	12.66666667	2.331063553	13	1	1	18	2	3	12	2.289428485	12
351	S3	B	B	1	1	4	4	1	16	2.5198421	16	0	0	0	0	0	0	0	0	0	0	0	0	0	0	0	0
352	S3	C 	CB	1	1	71	35	3	828.3333333	9.391501801	828	1	1	40	4	3	53.33333333	3.764144115	53	1	1	29	8	3	77.33333333	4.260451019	77
353	S3	D	DA 	1	1	3	45	3	45	3.556893304	45	1	0	0	0	0	0	0	0	1	0	0	0	0	0	0	0
354	S3	D	DB	1	1	45	47	3	705	8.900130453	705	1	1	12	21	3	84	4.37951914	84	1	1	10	4	3	13.33333333	2.371262203	13
355	S3	D	DB	1	1	13	4	3	17.33333333	2.587978692	17	1	1	6	14	3	28	3.036588972	28	0	0	0	0	0	0	0	0
356	S3	B	B	1	1	10	21	3	70	4.1212853	70	0	0	0	0	0	0	0	0	0	0	0	0	0	0	0	0
357	S3	D	DB	1	1	33	35	3	385	7.274786349	385	1	1	10	18	3	60	3.914867641	60	0	0	0	0	0	0	0	0
358	S3	D	DA 	1	1	14	28	3	130.6666667	5.074441741	131	1	0	0	0	0	0	0	0	0	0	0	0	0	0	0	0
361	S3	A	A	1	1	11	44	3	161.3333333	5.443873634	161	1	1	7	28	3	65.33333333	4.027587079	65	1	1	11	17	3	62.33333333	3.964971932	62
362	S3	D	DA 	1	1	24	3	3	24	2.884499141	24	1	0	0	0	0	0	0	0	1	0	0	0	0	0	0	0
365	S3	D	DB	1	1	15	14	3	70	4.1212853	70	1	1	6	14	3	28	3.036588972	28	1	1	13	1	3	4.333333333	1.630324415	4
367	S3	D	DB	0	0	0	0	0	0	0	0	0	0	0	0	0	0	0	0	0	0	0	0	0	0	0	0
368	S3	B	B	1	1	23	27	3	207	5.9154817	207	0	0	0	0	0	0	0	0	0	0	0	0	0	0	0	0
370	S3	D	DB	1	1	27	16	3	144	5.241482788	144	1	1	20	3	3	20	2.714417617	20	1	0	0	0	3	0	0	0
371	S3	D	DA 	1	1	44	30	3	440	7.605904922	440	1	1	9	12	3	36	3.301927249	36	1	1	22	2	3	14.66666667	2.447806821	15
372	S3	D	DB	1	1	17	29	3	164.3333333	5.477409636	164	1	0	0	0	0	0	0	0	0	0	0	0	0	0	0	0
374	S3	C	CA	1	1	13	2	2	13	2.351334688	13	1	1	4	7	3	9.333333333	2.105453199	9	1	1	18	3	3	18	2.620741394	18
375	S3	D	DB	1	1	16	37	3	197.3333333	5.821927827	197	1	0	0	0	0	0	0	0	0	0	0	0	0	0	0	0
376	S3	D	DA 	1	1	28	22	3	205.3333333	5.899562673	205	1	0	0	0	0	0	0	0	1	1	11	1	3	3.666666667	1.54202167	4
377	S3	D	DA 	1	1	18	12	3	72	4.160167646	72	1	0	0	0	3	0	0	0	1	0	0	0	0	0	0	0
379	S3	D	DA 	1	1	20	19	3	126.6666667	5.022124182	127	1	1	12	6	3	24	2.884499141	24	1	0	0	0	3	0	0	0
380	S3	C 	CA	1	1	12	23	3	92	4.514357435	92	1	1	10	3	3	10	2.15443469	10	1	1	6	5	3	10	2.15443469	10
382	S3	A	A	0	0	0	0	0	0	0	0	0	0	0	0	0	0	0	0	0	0	0	0	0	0	0	0
383	S3	A	A	1	1	25	34	3	283.3333333	6.567991121	283	1	1	4	4	3	5.333333333	1.747160929	5	1	0	0	0	0	0	0	0
385	S3	C 	CB	1	1	12	6	3	24	2.884499141	24	1	1	5	1	2	2.5	1.357208808	3	1	1	34	1	3	11.33333333	2.246221367	11
386	S3	B	B	1	1	13	25	3	108.3333333	4.767097509	108	0	0	0	0	0	0	0	0	0	0	0	0	0	0	0	0
387	S3	A	A	1	1	5	45	3	75	4.217163327	75	1	0	0	0	0	0	0	0	1	0	0	0	0	0	0	0
389	S3	C 	CB	1	1	3	8	3	8	2	8	1	1	1	4	1	4	1.587401052	4	1	0	0	0	0	0	0	0
390	S3	C 	CB	1	1	11	40	3	146.6666667	5.273639929	147	1	0	0	0	0	0	0	0	1	0	0	0	0	0	0	0
391	S3	A	A	1	1	37	26	3	320.6666667	6.844650425	321	1	1	22	29	3	212.6666667	5.968975661	213	1	1	7	43	3	100.3333333	4.646740434	100
393	S3	C 	CB	1	1	17	13	3	73.66666667	4.192023156	74	1	1	16	10	3	53.33333333	3.764144115	53	1	0	0	0	3	0	0	0
394	S3	D	DB	1	1	12	14	3	56	3.825862366	56	1	0	0	0	3	0	0	0	0	0	0	0	0	0	0	0
395	S3	B	B	1	1	6	24	3	48	3.634241186	48	0	0	0	0	0	0	0	0	0	0	0	0	0	0	0	0
397	S3	B	B	1	1	6	40	3	80	4.30886938	80	1	0	0	0	0	0	0	0	0	0	0	0	0	0	0	0
398	S3	B	B	1	1	4	10	2	20	2.714417617	20	0	0	0	0	0	0	0	0	0	0	0	0	0	0	0	0
401	S3	D	DA 	1	1	17	20	3	113.3333333	4.839337234	113	0	0	0	0	0	0	0	0	0	0	0	0	0	0	0	0
402	S3	D	DB	1	1	51	25	3	425	7.518472981	425	1	1	6	4	3	8	2	8	1	1	22	14	3	102.6666667	4.682485997	103
404	S3	D	DB	1	1	10	38	3	126.6666667	5.022124182	127	0	0	0	0	0	0	0	0	0	0	0	0	0	0	0	0
405	S3	D	DB	1	1	17	4	3	22.66666667	2.830061583	23	1	0	0	0	0	0	0	0	0	0	0	0	0	0	0	0
406	S4	D	DA 	1	1	2	21	2	21	2.758924176	21	1	0	0	0	0	0	0	0	1	0	0	0	0	0	0	0
408	S4	A	A	0	0	0	0	0	0	0	0	0	0	0	0	0	0	0	0	0	0	0	0	0	0	0	0
410	S4	A	A	1	1	7	15	3	35	3.27106631	35	1	1	6	26	3	52	3.732511157	52	1	0	0	0	0	0	0	0
411	S4	A	A	1	1	7	45	3	105	4.71769398	105	1	0	0	0	0	0	0	0	1	0	0	0	0	0	0	0
412	S4	D	DB	1	1	18	7	3	42	3.476026645	42	1	0	0	0	0	0	0	0	1	0	0	0	0	0	0	0
413	S4	D	DB	1	1	4	15	3	20	2.714417617	20	1	0	0	0	0	0	0	0	1	0	0	0	0	0	0	0
416	S4	A	A	1	1	9	51	3	153	5.348481241	153	1	0	0	0	0	0	0	0	1	0	0	0	0	0	0	0
417	S4	D	DB	1	1	8	23	3	61.33333333	3.943654466	61	1	0	0	0	0	0	0	0	1	0	0	0	0	0	0	0
420	S4	D	DA 	1	1	8	7	3	18.66666667	2.652704805	19	1	0	0	0	0	0	0	0	0	0	0	0	0	0	0	0
421	S4	D	DB	1	1	22	14	3	102.6666667	4.682485997	103	1	1	16	19	3	101.3333333	4.662127104	101	1	1	18	3	3	18	2.620741394	18
422	S4	D	DB	1	1	57	18	3	342	6.993190657	342	1	1	18	4	3	24	2.884499141	24	1	1	23	1	3	7.666666667	1.971827233	8
424	S4	D	DB	1	1	14	4	3	18.66666667	2.652704805	19	1	0	0	0	0	0	0	0	0	0	0	0	0	0	0	0
425	S4	A	A	1	1	10	22	3	73.33333333	4.185690785	73	1	1	3	17	3	17	2.571281591	17	1	0	0	0	0	0	0	0
426	S4	B	B	0	0	0	0	0	0	0	0	0	0	0	0	0	0	0	0	0	0	0	0	0	0	0	0
427	S4	D	DA 	1	1	14	30	3	140	5.192494102	140	1	1	5	13	3	21.66666667	2.787815536	22	1	1	7	1	3	2.333333333	1.326352403	2
429	S4	C 	CB	1	1	13	31	3	134.3333333	5.121469576	134	1	1	4	28	3	37.33333333	3.342198623	37	1	1	8	17	3	45.33333333	3.565654161	45
432	S4	C 	CB	0	0	0	0	0	0	0	0	0	0	0	0	0	0	0	0	0	0	0	0	0	0	0	0
433	S4	D	DA 	1	1	2	9	2	9	2.080083823	9	1	0	0	0	0	0	0	0	0	0	0	0	0	0	0	0
434	S4	C 	CA	1	1	3	26	3	26	2.962496068	26	1	0	0	0	0	0	0	0	1	1	2	10	2	10	2.15443469	10
435	S4	D	DA 	1	1	4	13	3	17.33333333	2.587978692	17	1	0	0	0	0	0	0	0	0	0	0	0	0	0	0	0
438	S4	B	B	1	1	5	1	1	5	1.709975947	5	0	0	0	0	0	0	0	0	0	0	0	0	0	0	0	0
439	S4	C 	CB	1	1	16	30	3	160	5.428835233	160	1	1	11	21	3	77	4.254320865	77	1	1	8	3	3	8	2	8
440	S4	D	DA 	1	1	17	15	3	85	4.396829672	85	1	1	2	9	2	9	2.080083823	9	1	1	7	18	3	42	3.476026645	42
444	S4	C 	CB	1	1	8	2	3	5.333333333	1.747160929	5	1	0	0	0	3	0	0	0	1	1	18	3	3	18	2.620741394	18
445	S4	B	B	1	1	3	14	3	14	2.410142264	14	0	0	0	0	0	0	0	0	0	0	0	0	0	0	0	0
448	S4	C 	CA	1	1	4	31	3	41.33333333	3.457536792	41	1	0	0	0	0	0	0	0	1	1	3	3	3	3	1.44224957	3
449	S4	A	A	1	1	2	4	2	4	1.587401052	4	1	0	0	0	0	0	0	0	1	0	0	0	0	0	0	0
451	S4	D	DA 	1	1	12	27	3	108	4.762203156	108	1	1	5	1	3	1.666666667	1.185631102	2	1	1	2	1	2	1	1	1
452	S4	C 	CB	1	1	27	41	3	369	7.1725809	369	1	1	2	6	2	6	1.817120593	6	1	1	18	2	3	12	2.289428485	12
453	S4	A	A	1	1	12	34	3	136	5.142563181	136	1	1	8	17	3	45.33333333	3.565654161	45	1	1	4	21	3	28	3.036588972	28
454	S4	D	DA 	1	1	26	10	3	86.66666667	4.425381314	87	1	0	0	0	0	0	0	0	0	0	0	0	0	0	0	0
456	S4	D	DA 	1	1	46	10	3	153.3333333	5.352362578	153	1	1	2	8	2	8	2	8	1	1	6	4	1	24	2.884499141	24
457	S4	D	DB	1	1	9	10	3	30	3.107232506	30	1	1	14	14	3	65.33333333	4.027587079	65	1	1	9	6	3	18	2.620741394	18
458	S4	D	DB	1	1	27	7	3	63	3.979057208	63	1	1	18	3	3	18	2.620741394	18	1	1	13	2	3	8.666666667	2.054080049	9
463	S4	D	DB	1	1	11	16	3	58.66666667	3.885651122	59	1	1	4	2	2	4	1.587401052	4	1	1	2	8	2	8	2	8
464	S4	D	DB	1	1	8	30	3	80	4.30886938	80	1	0	0	0	0	0	0	0	1	0	0	0	0	0	0	0
465	S4	C 	CB	1	1	7	7	3	16.33333333	2.53722087	16	1	1	4	11	3	14.66666667	2.447806821	15	0	0	0	0	0	0	0	0
467	S4	D	DA 	1	1	24	21	3	168	5.517848353	168	1	1	15	11	3	55	3.802952461	55	1	1	14	5	3	23.33333333	2.857539627	23
468	S4	D	DB	1	1	13	19	3	82.33333333	4.350360358	82	1	1	13	13	3	56.33333333	3.83343835	56	1	1	5	11	3	18.33333333	2.636819964	18
469	S4	C	CA	1	1	9	34	3	102	4.672328728	102	1	1	5	12	3	20	2.714417617	20	1	1	5	6	3	10	2.15443469	10
470	S4	C	CA	1	1	23	5	3	38.33333333	3.37177714	38	1	0	0	0	2	0	0	0	1	1	16	1	3	5.333333333	1.747160929	5
471	S4	B	B	1	1	32	15	3	160	5.428835233	160	0	0	0	0	0	0	0	0	0	0	0	0	0	0	0	0
472	S4	A	A	1	1	4	12	3	16	2.5198421	16	1	0	0	0	0	0	0	0	1	0	0	0	0	0	0	0
473	S4	B	B	1	1	33	21	3	231	6.13579244	231	0	0	0	0	0	0	0	0	0	0	0	0	0	0	0	0
474	S4	B	B	1	1	5	19	3	31.66666667	3.163739986	32	0	0	0	0	0	0	0	0	0	0	0	0	0	0	0	0
475	S4	D	DB	1	1	23	8	3	61.33333333	3.943654466	61	1	0	0	0	0	0	0	0	1	0	0	0	0	0	0	0
476	S4	D	DA 	0	0	0	0	0	0	0	0	0	0	0	0	0	0	0	0	0	0	0	0	0	0	0	0
478	S4	D	DB	1	1	26	33	3	286	6.588532275	286	1	0	0	0	0	0	0	0	0	0	0	0	0	0	0	0
480	S4	D	DB	1	1	4	2	3	2.666666667	1.386722549	3	1	0	0	0	0	0	0	0	0	0	0	0	0	0	0	0
481	S4	D	DB	1	1	25	16	3	133.3333333	5.108729549	133	1	1	13	16	3	69.33333333	4.108160098	69	1	1	15	4	3	20	2.714417617	20
482	S4	D	DA 	1	1	36	12	3	144	5.241482788	144	0	0	0	0	0	0	0	0	0	0	0	0	0	0	0	0
483	S4	B	B	1	1	16	22	3	117.3333333	4.895613641	117	0	0	0	0	0	0	0	0	0	0	0	0	0	0	0	0
484	S4	D	DA 	1	1	30	9	3	90	4.481404747	90	1	0	0	0	0	0	0	0	1	1	10	14	3	46.66666667	3.600274328	47
485	S4	C 	CB	1	1	17	18	3	102	4.672328728	102	1	1	5	5	3	8.333333333	2.027400665	8	1	1	9	5	3	15	2.466212074	15
487	S4	B	B	1	1	27	18	3	162	5.451361778	162	0	0	0	0	0	0	0	0	0	0	0	0	0	0	0	0
490	S4	B	B	0	0	0	0	0	0	0	0	0	0	0	0	0	0	0	0	0	0	0	0	0	0	0	0
493	S4	D	DB	1	1	11	27	3	99	4.626065009	99	0	0	0	0	0	0	0	0	0	0	0	0	0	0	0	0
494	S4	D	DB	1	1	12	10	3	40	3.419951893	40	0	0	0	0	0	0	0	0	0	0	0	0	0	0	0	0
495	S4	D	DB	1	1	3	21	3	21	2.758924176	21	1	0	0	0	0	0	0	0	1	0	0	0	0	0	0	0
496	S4	D	DA 	1	1	15	5	3	25	2.924017738	25	1	1	3	2	1	6	1.817120593	6	1	1	7	2	3	4.666666667	1.671099312	5
497	S4	B	B	1	1	27	10	3	90	4.481404747	90	0	0	0	0	0	0	0	0	0	0	0	0	0	0	0	0
498	S4	D	DA 	1	1	49	9	3	147	5.277632088	147	1	0	0	0	0	0	0	0	0	0	0	0	0	0	0	0
500	S4	D	DB	1	1	33	9	3	99	4.626065009	99	1	1	4	8	3	10.66666667	2.201284833	11	1	1	6	2	3	4	1.587401052	4
501	S4	C 	CB	1	1	31	4	3	41.33333333	3.457536792	41	1	1	14	11	3	51.33333333	3.716491598	51	1	1	11	8	3	29.33333333	3.084043339	29
502	S4	D	DB	1	1	59	8	3	157.3333333	5.398505912	157	0	0	0	0	0	0	0	0	0	0	0	0	0	0	0	0
505	S4	C 	CB	1	0	0	0	0	0	0	0	1	0	0	0	0	0	0	0	1	0	0	0	0	0	0	0
506	S4	C 	CB	1	1	4	15	3	20	2.714417617	20	1	0	0	0	0	0	0	0	1	0	0	0	0	0	0	0
507	S4	A	A	1	1	2	18	2	18	2.620741394	18	1	0	0	0	0	0	0	0	1	0	0	0	0	0	0	0
509	S4	D	DB	1	1	4	2	3	2.666666667	1.386722549	3	1	0	0	0	0	0	0	0	1	0	0	0	0	0	0	0
510	S4	D	DA 	1	0	0	0	0	0	0	0	1	0	0	0	0	0	0	0	1	0	0	0	0	0	0	0
511	S4	D	DA 	1	1	31	23	3	237.6666667	6.194259921	238	0	0	0	0	0	0	0	0	0	0	0	0	0	0	0	0
512	S4	B	B	1	1	36	21	3	252	6.316359598	252	0	0	0	0	0	0	0	0	0	0	0	0	0	0	0	0
514	S4	D	DA 	0	0	0	0	0	0	0	0	0	0	0	0	0	0	0	0	0	0	0	0	0	0	0	0
516	S4	D	DB	1	1	16	21	3	112	4.820284528	112	1	1	6	1	3	2	1.25992105	2	1	0	0	0	3	0	0	0
517	S4	D	DA 	1	1	51	9	3	153	5.348481241	153	0	0	0	0	0	0	0	0	0	0	0	0	0	0	0	0
519	S4	D	DA 	1	1	16	10	3	53.33333333	3.764144115	53	1	0	0	0	0	0	0	0	1	0	0	0	0	0	0	0
522	S4	B	B	1	1	2	2	1	4	1.587401052	4	0	0	0	0	0	0	0	0	0	0	0	0	0	0	0	0
523	S4	A	A	1	0	0	0	0	0	0	0	1	0	0	0	0	0	0	0	0	0	0	0	0	0	0	0
524	S4	A	A	1	0	0	0	0	0	0	0	1	0	0	0	0	0	0	0	1	0	0	0	0	0	0	0
525	S4	B	B	1	1	3	14	3	14	2.410142264	14	0	0	0	0	0	0	0	0	0	0	0	0	0	0	0	0
526	S4	D	DA 	1	1	28	20	3	186.6666667	5.715079255	187	0	0	0	0	0	0	0	0	0	0	0	0	0	0	0	0
527	S4	C 	CB	1	1	89	3	3	89	4.464745096	89	1	1	49	10	3	163.3333333	5.466276659	163	1	1	61	2	3	40.66666667	3.438847039	41
528	S4	D	DA 	1	1	10	31	3	103.3333333	4.692599388	103	1	0	0	0	1	0	0	0	1	1	7	2	3	4.666666667	1.671099312	5
529	S4	B	B	1	1	28	14	3	130.6666667	5.074441741	131	0	0	0	0	0	0	0	0	0	0	0	0	0	0	0	0
533	S4	D	DA 	1	0	0	0	0	0	0	0	1	1	3	6	3	6	1.817120593	6	1	0	0	0	2	0	0	0
534	S4	D	DB	1	1	18	20	3	120	4.932424149	120	1	1	1	1	1	1	1	1	1	0	0	0	1	0	0	0
536	S4	D	DA 	1	1	9	12	3	36	3.301927249	36	1	0	0	0	0	0	0	0	1	0	0	0	0	0	0	0
537	S4	D	DA 	1	1	7	28	3	65.33333333	4.027587079	65	0	0	0	0	0	0	0	0	0	0	0	0	0	0	0	0
538	S4	D	DB	1	1	2	10	2	10	2.15443469	10	0	0	0	0	0	0	0	0	0	0	0	0	0	0	0	0
540	S4	A	A	1	1	5	55	3	91.66666667	4.508898715	92	1	0	0	0	0	0	0	0	1	0	0	0	0	0	0	0
541	S5	B	B	1	1	11	16	3	58.66666667	3.885651122	59	0	0	0	0	0	0	0	0	0	0	0	0	0	0	0	0
543	S5	C 	CA	1	1	7	7	3	16.33333333	2.53722087	16	1	0	0	0	0	0	0	0	1	0	0	0	3	0	0	0
544	S5	D	DA 	1	1	28	29	3	270.6666667	6.46861929	271	0	0	0	0	0	0	0	0	0	0	0	0	0	0	0	0
545	S5	C 	CB	1	1	12	38	3	152	5.336803297	152	0	0	0	0	0	0	0	0	0	0	0	0	0	0	0	0
546	S5	D	DB	1	1	16	9	3	48	3.634241186	48	1	0	0	0	0	0	0	0	1	1	6	7	3	14	2.410142264	14
547	S5	C 	CB	1	1	6	20	3	40	3.419951893	40	1	0	0	0	0	0	0	0	1	1	3	7	3	7	1.912931183	7
548	S5	B	B	1	1	22	27	3	198	5.828476683	198	0	0	0	0	0	0	0	0	0	0	0	0	0	0	0	0
549	S5	D	DA 	1	1	13	18	3	78	4.272658682	78	1	0	0	0	0	0	0	0	1	1	5	1	3	1.666666667	1.185631102	2
550	S5	A	A	1	1	18	13	3	78	4.272658682	78	1	1	5	34	3	56.66666667	3.840984508	57	1	0	0	0	0	0	0	0
551	S5	D	DB	1	1	24	7	3	56	3.825862366	56	1	1	1	1	1	1	1	1	1	0	0	0	0	0	0	0
552	S5	C 	CA	1	0	0	0	0	0	0	0	1	0	0	0	0	0	0	0	1	0	0	0	0	0	0	0
553	S5	A	A	1	1	7	41	3	95.66666667	4.573551222	96	1	0	0	0	0	0	0	0	1	0	0	0	0	0	0	0
555	S5	A	A	1	1	3	32	3	32	3.174802104	32	1	0	0	0	0	0	0	0	1	0	0	0	0	0	0	0
556	S5	D	DB	1	1	28	14	3	130.6666667	5.074441741	131	1	0	0	0	0	0	0	0	0	0	0	0	0	0	0	0
557	S5	C 	CB	1	1	8	22	3	58.66666667	3.885651122	59	1	0	0	0	0	0	0	0	1	1	21	7	3	49	3.65930571	49
558	S5	D	DB	1	1	16	20	3	106.6666667	4.742524406	107	1	0	0	0	0	0	0	0	1	1	9	6	3	18	2.620741394	18
559	S5	B	B	1	1	12	21	3	84	4.37951914	84	0	0	0	0	0	0	0	0	0	0	0	0	0	0	0	0
560	S5	D	DA 	1	1	3	26	2	39	3.391211443	39	0	0	0	0	0	0	0	0	0	0	0	0	0	0	0	0
561	S5	A	A	1	1	12	29	3	116	4.876998961	116	1	0	0	0	0	0	0	0	1	0	0	0	2	0	0	0
563	S5	A	A	1	1	7	14	3	32.66666667	3.196697983	33	1	0	0	0	0	0	0	0	1	0	0	0	1	0	0	0
564	S5	C 	CA	1	1	29	11	3	106.3333333	4.737579121	106	1	0	0	0	3	0	0	0	1	1	18	13	3	78	4.272658682	78
565	S5	B	B	1	1	11	14	2	77	4.254320865	77	1	0	0	0	0	0	0	0	0	0	0	0	0	0	0	0
566	S5	C 	CB	1	1	15	27	3	135	5.12992784	135	1	1	5	34	3	56.66666667	3.840984508	57	1	1	5	17	3	28.33333333	3.048591424	28
570	S5	C 	CB	1	1	6	8	2	24	2.884499141	24	1	1	1	4	1	4	1.587401052	4	1	1	7	14	3	32.66666667	3.196697983	33
571	S5	C 	CB	1	0	0	0	0	0	0	0	1	0	0	0	0	0	0	0	0	0	0	0	0	0	0	0
572	S5	D	DA 	1	1	10	17	3	56.66666667	3.840984508	57	1	0	0	0	0	0	0	0	1	1	5	1	3	1.666666667	1.185631102	2
573	S5	B	B	1	1	15	28	3	140	5.192494102	140	0	0	0	0	0	0	0	0	0	0	0	0	0	0	0	0
574	S5	D	DB	1	1	33	23	3	253	6.324703543	253	1	0	0	0	0	0	0	0	1	1	20	2	3	13.33333333	2.371262203	13
575	S5	D	DA 	1	1	7	17	3	39.66666667	3.410425516	40	1	0	0	0	3	0	0	0	1	0	0	0	1	0	0	0
576	S5	D	DB	1	1	71	10	3	236.6666667	6.185560106	237	1	1	23	28	3	214.6666667	5.987628831	215	1	0	0	0	3	0	0	0
577	S5	D	DB	1	1	22	8	3	58.66666667	3.885651122	59	0	0	0	0	0	0	0	0	0	0	0	0	0	0	0	0
579	S5	C 	CB	0	0	0	0	0	0	0	0	0	0	0	0	0	0	0	0	0	0	0	0	0	0	0	0
581	S5	D	DA 	1	1	10	27	3	90	4.481404747	90	1	1	1	3	1	3	1.44224957	3	1	1	3	7	3	7	1.912931183	7
582	S5	D	DB	1	1	16	11	3	58.66666667	3.885651122	59	1	1	4	4	3	5.333333333	1.747160929	5	1	0	0	0	0	0	0	0
583	S5	C 	CB	1	1	22	4	3	29.33333333	3.084043339	29	1	1	7	11	3	25.66666667	2.949781337	26	1	1	3	9	3	9	2.080083823	9
584	S5	C 	CB	0	0	0	0	0	0	0	0	0	0	0	0	0	0	0	0	0	0	0	0	0	0	0	0
586	S5	C 	CB	1	1	6	3	3	6	1.817120593	6	0	0	0	0	0	0	0	0	0	0	0	0	0	0	0	0
587	S5	C 	CB	1	1	47	22	3	344.6666667	7.011319554	345	0	0	0	0	0	0	0	0	0	0	0	0	0	0	0	0
589	S5	D	DA 	1	1	47	9	3	141	5.204827863	141	1	1	17	2	3	11.33333333	2.246221367	11	1	1	38	1	3	12.66666667	2.331063553	13
591	S5	A	A	1	1	5	25	3	41.66666667	3.466806372	42	1	1	2	10	2	10	2.15443469	10	1	1	3	11	3	11	2.223980091	11
592	S5	D	DA 	1	1	37	8	3	98.66666667	4.620867179	99	1	1	15	5	3	25	2.924017738	25	1	1	32	9	3	96	4.57885697	96
594	S5	B	B	1	1	58	14	3	270.6666667	6.46861929	271	0	0	0	0	0	0	0	0	0	0	0	0	0	0	0	0
595	S5	B	B	0	0	0	0	0	0	0	0	0	0	0	0	0	0	0	0	0	0	0	0	0	0	0	0
596	S5	C 	CB	1	1	12	8	3	32	3.174802104	32	1	1	10	13	3	43.33333333	3.512427477	43	1	1	16	17	3	90.66666667	4.492442734	91
597	S5	B	B	1	1	18	25	3	150	5.313292846	150	1	0	0	0	0	0	0	0	0	0	0	0	0	0	0	0
598	S5	D	DB	1	1	24	24	3	192	5.768998281	192	1	1	8	1	3	2.666666667	1.386722549	3	1	1	7	13	3	30.33333333	3.118698412	30
601	S5	D	DA 	1	0	0	0	0	0	0	0	0	0	0	0	0	0	0	0	0	0	0	0	0	0	0	0
602	S5	D	DB	1	1	26	22	3	190.6666667	5.755613087	191	0	0	0	0	0	0	0	0	0	0	0	0	0	0	0	0
603	S5	B	B	1	1	38	33	3	418	7.47696637	418	0	0	0	0	0	0	0	0	0	0	0	0	0	0	0	0
604	S5	D	DA 	1	1	49	14	3	228.6666667	6.115063253	229	1	0	0	0	3	0	0	0	1	1	40	4	3	53.33333333	3.764144115	53
606	S5	B	B	1	1	31	10	3	103.3333333	4.692599388	103	0	0	0	0	0	0	0	0	0	0	0	0	0	0	0	0
607	S5	C 	CB	1	1	18	5	3	30	3.107232506	30	0	0	0	0	0	0	0	0	0	0	0	0	0	0	0	0
608	S5	A	A	1	1	9	38	3	114	4.848807586	114	1	0	0	0	0	0	0	0	1	0	0	0	0	0	0	0
609	S5	D	DB	1	1	80	11	3	293.3333333	6.644369956	293	1	1	21	4	3	28	3.036588972	28	1	1	37	2	3	24.66666667	2.910963914	25
610	S5	D	DA 	1	1	40	32	3	426.6666667	7.528288231	427	1	1	26	30	3	260	6.382504299	260	1	1	18	17	3	102	4.672328728	102
611	S5	D	DB	1	1	33	17	3	187	5.718479065	187	1	1	9	20	3	60	3.914867641	60	1	1	17	1	3	5.666666667	1.78282708	6
612	S5	B	B	1	1	14	20	3	93.33333333	4.536061411	93	0	0	0	0	0	0	0	0	0	0	0	0	0	0	0	0
613	S5	B	B	1	1	3	11	2	16.5	2.545821685	17	0	0	0	0	0	0	0	0	0	0	0	0	0	0	0	0
615	S5	A	A	1	1	8	49	3	130.6666667	5.074441741	131	1	0	0	0	0	0	0	0	1	0	0	0	0	0	0	0
617	S5	D	DA 	1	1	5	9	3	15	2.466212074	15	1	1	3	2	2	3	1.44224957	3	1	0	0	0	3	0	0	0
618	S5	C 	CB	1	1	27	16	3	144	5.241482788	144	1	1	4	1	3	1.333333333	1.100642416	1	1	1	17	7	3	39.66666667	3.410425516	40
619	S5	D	DA 	1	1	48	13	3	208	5.924992137	208	0	0	0	0	0	0	0	0	0	0	0	0	0	0	0	0
622	S5	B	B	1	1	12	25	3	100	4.641588834	100	0	0	0	0	0	0	0	0	0	0	0	0	0	0	0	0
623	S5	D	DA 	1	1	16	33	3	176	5.604078661	176	1	1	5	7	3	11.66666667	2.268030706	12	1	1	13	9	3	39	3.391211443	39
624	S5	D	DB	1	1	38	39	3	494	7.905129393	494	1	1	15	11	3	55	3.802952461	55	1	1	26	16	3	138.6666667	5.175957385	139
625	S5	D	DB	1	1	6	9	3	18	2.620741394	18	1	1	6	15	3	30	3.107232506	30	1	1	3	6	2	9	2.080083823	9
626	S5	C 	CA	1	1	50	19	3	316.6666667	6.816071176	317	1	1	22	23	3	168.6666667	5.525137461	169	1	1	23	14	3	107.3333333	4.752384152	107
627	S5	D	DA 	1	1	20	13	3	86.66666667	4.425381314	87	1	1	1	1	1	1	1	1	1	1	11	2	3	7.333333333	1.942825561	7
628	S5	D	DB	1	1	19	21	3	133	5.104468722	133	1	1	2	1	1	2	1.25992105	2	1	1	5	15	3	25	2.924017738	25
629	S5	D	DB	1	1	23	18	3	138	5.167649252	138	1	1	13	24	3	104	4.702669375	104	1	1	12	26	3	104	4.702669375	104
630	S5	D	DB	1	1	13	9	3	39	3.391211443	39	0	0	0	0	0	0	0	0	0	0	0	0	0	0	0	0
632	S5	D	DB	1	1	70	2	3	46.66666667	3.600274328	47	1	0	0	0	0	0	0	0	0	0	0	0	0	0	0	0
633	S5	A	A	0	0	0	0	0	0	0	0	0	0	0	0	0	0	0	0	0	0	0	0	0	0	0	0
634	S5	D	DB	1	1	32	18	3	192	5.768998281	192	1	1	16	13	3	69.33333333	4.108160098	69	1	1	29	19	3	183.6666667	5.684297262	184
636	S5	D	DA 	1	1	25	15	3	125	5	125	1	1	27	52	3	468	7.763936077	468	1	1	15	7	3	35	3.27106631	35
637	S5	D	DA 	1	1	40	29	3	386.6666667	7.285268765	387	1	1	11	14	3	51.33333333	3.716491598	51	1	1	28	7	3	65.33333333	4.027587079	65
638	S5	D	DB	1	1	14	13	3	60.66666667	3.929313778	61	1	1	6	12	3	24	2.884499141	24	1	1	10	7	3	23.33333333	2.857539627	23
639	S5	D	DA 	1	1	18	4	3	24	2.884499141	24	1	0	0	0	0	0	0	0	0	0	0	0	0	0	0	0
640	S5	D	DB	1	1	18	9	3	54	3.77976315	54	1	0	0	0	0	0	0	0	0	0	0	0	0	0	0	0
642	S5	D	DA 	1	1	22	15	3	110	4.791419857	110	1	0	0	0	0	0	0	0	1	1	7	6	3	14	2.410142264	14
643	S5	D	DB	1	1	32	13	3	138.6666667	5.175957385	139	1	0	0	0	3	0	0	0	1	1	12	12	3	48	3.634241186	48
645	S5	A	A	1	1	4	43	3	57.33333333	3.855988506	57	1	0	0	0	0	0	0	0	1	0	0	0	0	0	0	0
646	S5	D	DB	1	1	40	12	3	160	5.428835233	160	0	0	0	0	0	0	0	0	0	0	0	0	0	0	0	0
650	S5	D	DB	1	1	45	18	3	270	6.46330407	270	1	1	20	4	3	26.66666667	2.987603164	27	1	1	33	7	3	77	4.254320865	77
651	S5	D	DB	1	1	22	9	3	66	4.041240021	66	1	1	8	2	3	5.333333333	1.747160929	5	1	0	0	0	3	0	0	0
652	S5	A	A	1	1	12	16	3	64	4	64	1	1	5	66	3	110	4.791419857	110	1	0	0	0	0	0	0	0
653	S5	B	B	1	1	29	21	3	203	5.877130659	203	0	0	0	0	0	0	0	0	0	0	0	0	0	0	0	0
655	S5	C 	CA	1	1	14	15	3	70	4.1212853	70	1	1	10	12	3	40	3.419951893	40	1	1	6	10	3	20	2.714417617	20
656	S5	D	DB	1	1	22	34	3	249.3333333	6.294000615	249	1	1	11	15	3	55	3.802952461	55	1	1	10	1	3	3.333333333	1.493801582	3
657	S5	D	DA 	1	1	7	26	3	60.66666667	3.929313778	61	1	0	0	0	0	0	0	0	1	0	0	0	0	0	0	0
660	S5	A	A	1	1	9	26	3	78	4.272658682	78	1	0	0	0	0	0	0	0	1	0	0	0	0	0	0	0
661	S5	D	DB	1	1	82	20	3	546.6666667	8.17662721	547	1	1	15	4	3	20	2.714417617	20	1	1	16	3	3	16	2.5198421	16
663	S5	D	DA 	1	1	8	21	3	56	3.825862366	56	1	1	8	6	3	16	2.5198421	16	1	1	13	7	3	30.33333333	3.118698412	30
667	S5	D	DB	1	1	36	19	3	228	6.109114744	228	1	0	0	0	3	0	0	0	1	1	14	6	3	28	3.036588972	28
668	S5	B	B	1	1	18	22	3	132	5.09164337	132	0	0	0	0	0	0	0	0	0	0	0	0	0	0	0	0
669	S5	D	DA 	1	1	22	25	3	183.3333333	5.680856403	183	1	1	10	1	3	3.333333333	1.493801582	3	1	1	14	10	3	46.66666667	3.600274328	47
670	S5	D	DB	1	1	25	10	3	83.33333333	4.367902324	83	0	0	0	0	0	0	0	0	0	0	0	0	0	0	0	0
671	S5	D	DA 	1	1	21	11	3	77	4.254320865	77	0	0	0	0	0	0	0	0	0	0	0	0	0	0	0	0
672	S5	D	DA 	1	1	13	17	3	73.66666667	4.192023156	74	1	0	0	0	0	0	0	0	1	1	12	14	3	56	3.825862366	56
673	S5	D	DA 	1	1	24	14	3	112	4.820284528	112	1	0	0	0	0	0	0	0	1	1	7	4	3	9.333333333	2.105453199	9
676	S6	A	A	1	1	16	38	3	202.6666667	5.873912077	203	1	1	23	28	3	214.6666667	5.987628831	215	1	1	15	43	3	215	5.990726415	215
677	S6	D	DA 	1	1	35	43	3	501.6666667	7.945814374	502	1	1	4	2	2	4	1.587401052	4	1	0	0	0	0	0	0	0
678	S6	B	B	1	1	12	22	3	88	4.447960181	88	1	0	0	0	0	0	0	0	1	0	0	0	0	0	0	0
679	S6	C 	CB	1	1	22	34	3	249.3333333	6.294000615	249	1	1	10	3	3	10	2.15443469	10	1	1	15	3	3	15	2.466212074	15
680	S6	B	B	1	1	41	28	3	382.6666667	7.260060021	383	0	0	0	0	0	0	0	0	0	0	0	0	0	0	0	0
681	S6	D	DB	1	1	24	13	3	104	4.702669375	104	1	0	0	0	0	0	0	0	0	0	0	0	0	0	0	0
682	S6	D	DB	1	1	8	5	3	13.33333333	2.371262203	13	0	0	0	0	0	0	0	0	0	0	0	0	0	0	0	0
684	S6	D	DA 	1	1	19	17	3	107.6666667	4.757298721	108	1	0	0	0	3	0	0	0	0	0	0	0	0	0	0	0
685	S6	B	B	1	1	9	9	3	27	3	27	0	0	0	0	0	0	0	0	0	0	0	0	0	0	0	0
686	S6	D	DB	1	1	24	19	3	152	5.336803297	152	1	0	0	0	0	0	0	0	1	0	0	0	0	0	0	0
687	S6	D	DB	1	1	29	9	3	87	4.431047622	87	1	1	4	2	3	2.666666667	1.386722549	3	1	1	13	2	3	8.666666667	2.054080049	9
688	S6	C 	CB	1	1	6	54	3	108	4.762203156	108	1	0	0	0	0	0	0	0	1	1	9	1	3	3	1.44224957	3
691	S6	B	B	1	1	30	18	3	180	5.646216173	180	0	0	0	0	0	0	0	0	0	0	0	0	0	0	0	0
692	S6	A	A	1	1	11	38	3	139.3333333	5.18423893	139	1	0	0	0	0	0	0	0	1	1	13	49	3	212.3333333	5.965855443	212
693	S6	D	DA 	1	1	28	4	3	37.33333333	3.342198623	37	1	0	0	0	0	0	0	0	0	0	0	0	0	0	0	0
696	S6	D	DB	1	1	29	19	3	183.6666667	5.684297262	184	1	0	0	0	2	0	0	0	1	1	9	2	3	6	1.817120593	6
697	S6	D	DA 	1	1	10	9	3	30	3.107232506	30	1	0	0	0	0	0	0	0	1	0	0	0	0	0	0	0
698	S6	D	DA 	1	1	13	6	3	26	2.962496068	26	1	1	13	12	3	52	3.732511157	52	1	1	11	2	3	7.333333333	1.942825561	7
699	S6	C 	CA	1	1	24	18	3	144	5.241482788	144	1	0	0	0	3	0	0	0	1	1	13	4	3	17.33333333	2.587978692	17
701	S6	D	DB	1	1	8	51	3	136	5.142563181	136	1	0	0	0	0	0	0	0	1	1	3	2	3	2	1.25992105	2
703	S6	C 	CB	1	1	17	15	3	85	4.396829672	85	1	0	0	0	0	0	0	0	1	0	0	0	0	0	0	0
706	S6	C 	CA	1	1	21	14	3	98	4.610436292	98	1	0	0	0	0	0	0	0	1	1	15	5	3	25	2.924017738	25
708	S6	C 	CB	1	1	49	18	3	294	6.649399761	294	1	1	20	9	3	60	3.914867641	60	1	1	17	8	3	45.33333333	3.565654161	45
712	S6	D	DA 	1	1	24	10	3	80	4.30886938	80	0	0	0	0	0	0	0	0	0	0	0	0	0	0	0	0
714	S6	D	DB	1	1	24	28	3	224	6.073177944	224	1	1	7	10	3	23.33333333	2.857539627	23	1	1	14	2	3	9.333333333	2.105453199	9
715	S6	C 	CB	1	1	9	21	3	63	3.979057208	63	1	0	0	0	2	0	0	0	1	1	5	4	3	6.666666667	1.882072058	7
716	S6	D	DB	1	1	12	3	3	12	2.289428485	12	1	1	2	2	1	4	1.587401052	4	1	0	0	0	0	0	0	0
717	S6	D	DA 	1	1	4	17	3	22.66666667	2.830061583	23	1	0	0	0	0	0	0	0	1	0	0	0	0	0	0	0
718	S6	D	DB	1	1	13	12	3	52	3.732511157	52	0	0	0	0	0	0	0	0	0	0	0	0	0	0	0	0
720	S6	D	DA 	1	1	16	20	3	106.6666667	4.742524406	107	1	0	0	0	0	0	0	0	0	0	0	0	0	0	0	0
721	S6	D	DB	1	1	28	24	3	224	6.073177944	224	1	0	0	0	3	0	0	0	1	0	0	0	3	0	0	0
722	S6	D	DB	1	1	24	14	3	112	4.820284528	112	1	1	1	1	1	1	1	1	1	1	14	6	3	28	3.036588972	28
723	S6	C 	CB	1	1	12	23	3	92	4.514357435	92	1	1	6	4	3	8	2	8	1	1	5	2	3	3.333333333	1.493801582	3
724	S6	D	DA 	1	1	21	12	3	84	4.37951914	84	0	0	0	0	0	0	0	0	0	0	0	0	0	0	0	0
725	S6	D	DA 	1	1	49	30	3	490	7.883735163	490	1	1	17	6	3	34	3.239611801	34	1	1	20	15	3	100	4.641588834	100
727	S6	D	DB	1	1	8	9	3	24	2.884499141	24	1	0	0	0	0	0	0	0	1	1	5	6	3	10	2.15443469	10
728	S6	A	A	1	1	4	4	3	5.333333333	1.747160929	5	1	0	0	0	0	0	0	0	1	0	0	0	0	0	0	0
730	S6	D	DA 	1	1	17	27	3	153	5.348481241	153	1	1	4	26	3	34.66666667	3.260648831	35	1	1	10	19	3	63.33333333	3.986062605	63
731	S6	D	DA 	1	1	5	15	3	25	2.924017738	25	1	0	0	0	0	0	0	0	1	1	6	22	3	44	3.530348335	44
732	S6	D	DB	1	1	9	19	3	57	3.848501131	57	1	0	0	0	0	0	0	0	1	1	2	2	1	4	1.587401052	4
734	S6	A	A	1	1	2	25	2	25	2.924017738	25	1	1	3	12	2	18	2.620741394	18	1	0	0	0	0	0	0	0
735	S6	D	DB	1	1	6	20	3	40	3.419951893	40	1	0	0	0	0	0	0	0	1	0	0	0	0	0	0	0
737	S6	D	DA 	1	1	54	10	3	180	5.646216173	180	1	0	0	0	0	0	0	0	1	1	17	6	3	34	3.239611801	34
739	S6	B	B	1	1	35	24	3	280	6.54213262	280	0	0	0	0	0	0	0	0	0	0	0	0	0	0	0	0
742	S6	D	DB	1	1	10	8	3	26.66666667	2.987603164	27	1	0	0	0	1	0	0	0	1	1	7	10	3	23.33333333	2.857539627	23
743	S6	D	DA 	1	1	39	16	3	208	5.924992137	208	1	1	30	3	3	30	3.107232506	30	1	1	26	4	3	34.66666667	3.260648831	35
745	S6	C	CA	0	0	0	0	0	0	0	0	0	0	0	0	0	0	0	0	0	0	0	0	0	0	0	0
746	S6	D	DA 	1	1	12	24	3	96	4.57885697	96	0	0	0	0	0	0	0	0	0	0	0	0	0	0	0	0
749	S6	D	DB	1	1	6	22	3	44	3.530348335	44	1	0	0	0	0	0	0	0	1	0	0	0	0	0	0	0
750	S6	C 	CB	1	1	3	29	3	29	3.072316826	29	1	0	0	0	0	0	0	0	0	0	0	0	0	0	0	0
751	S6	C 	CB	1	1	42	18	3	252	6.316359598	252	1	1	12	5	3	20	2.714417617	20	1	1	28	5	3	46.66666667	3.600274328	47
752	S6	D	DB	1	1	15	7	3	35	3.27106631	35	1	0	0	0	0	0	0	0	1	1	7	9	3	21	2.758924176	21
753	S6	D	DB	1	1	17	16	3	90.66666667	4.492442734	91	1	0	0	0	0	0	0	0	1	0	0	0	0	0	0	0
754	S6	D	DA 	1	1	40	41	3	546.6666667	8.17662721	547	1	1	4	3	3	4	1.587401052	4	1	1	29	5	3	48.33333333	3.642634382	48
755	S6	D	DA 	1	1	18	9	3	54	3.77976315	54	1	0	0	0	1	0	0	0	1	1	12	9	3	36	3.301927249	36
756	S6	A	A	1	1	6	32	3	64	4	64	1	0	0	0	0	0	0	0	1	0	0	0	0	0	0	0
757	S6	C 	CA	1	1	17	27	3	153	5.348481241	153	1	0	0	0	0	0	0	0	1	1	7	30	3	70	4.1212853	70
758	S6	C 	CB	1	1	6	3	2	9	2.080083823	9	1	0	0	0	2	0	0	0	1	1	9	1	3	3	1.44224957	3
760	S6	C 	CB	0	0	0	0	0	0	0	0	0	0	0	0	0	0	0	0	0	0	0	0	0	0	0	0
761	S6	A	A	1	1	7	23	3	53.66666667	3.771969802	54	0	0	0	0	0	0	0	0	0	0	0	0	0	0	0	0
762	S6	D	DB	1	1	9	28	3	84	4.37951914	84	1	1	3	1	1	3	1.44224957	3	0	0	0	0	0	0	0	0
763	S6	A	A	1	0	0	0	0	0	0	0	1	0	0	0	0	0	0	0	1	0	0	0	0	0	0	0
764	S6	A	A	1	1	4	22	3	29.33333333	3.084043339	29	1	0	0	0	0	0	0	0	1	0	0	0	0	0	0	0
765	S6	B	B	1	1	8	15	3	40	3.419951893	40	1	0	0	0	0	0	0	0	0	0	0	0	0	0	0	0
766	S6	B	B	1	1	31	22	3	227.3333333	6.103154628	227	0	0	0	0	0	0	0	0	0	0	0	0	0	0	0	0
768	S6	C 	CA	1	1	53	6	3	106	4.732623491	106	0	0	0	0	0	0	0	0	0	0	0	0	0	0	0	0
769	S6	D	DA 	1	1	11	11	3	40.33333333	3.429425493	40	1	1	4	12	3	16	2.5198421	16	1	1	7	2	3	4.666666667	1.671099312	5
772	S6	C 	CA	1	1	42	32	3	448	7.651724731	448	1	1	25	1	3	8.333333333	2.027400665	8	1	1	26	8	3	69.33333333	4.108160098	69
773	S6	A	A	1	1	5	52	3	86.66666667	4.425381314	87	1	0	0	0	0	0	0	0	1	0	0	0	0	0	0	0
774	S6	D	DB	1	1	7	22	3	51.33333333	3.716491598	51	1	0	0	0	0	0	0	0	1	0	0	0	0	0	0	0
775	S6	C 	CB	1	1	8	13	3	34.66666667	3.260648831	35	1	0	0	0	0	0	0	0	1	0	0	0	0	0	0	0
776	S6	A	A	1	1	6	44	3	88	4.447960181	88	1	0	0	0	0	0	0	0	1	0	0	0	0	0	0	0
778	S6	C 	CA	1	1	2	14	2	14	2.410142264	14	1	0	0	0	0	0	0	0	1	0	0	0	0	0	0	0
780	S6	D	DB	1	1	14	28	3	130.6666667	5.074441741	131	1	0	0	0	0	0	0	0	1	0	0	0	0	0	0	0
781	S6	B	B	1	1	30	5	3	50	3.684031499	50	0	0	0	0	0	0	0	0	0	0	0	0	0	0	0	0
782	S6	D	DA 	1	1	48	20	3	320	6.839903787	320	1	1	6	1	3	2	1.25992105	2	1	1	27	2	3	18	2.620741394	18
783	S6	D	DB	1	1	16	28	3	149.3333333	5.30540961	149	1	1	5	16	3	26.66666667	2.987603164	27	1	0	0	0	3	0	0	0
784	S6	B	B	1	1	11	26	3	95.33333333	4.568233134	95	0	0	0	0	0	0	0	0	0	0	0	0	0	0	0	0
785	S6	D	DA 	1	1	34	23	3	260.6666667	6.387954775	261	1	0	0	0	0	0	0	0	1	1	18	2	3	12	2.289428485	12
786	S6	C 	CA	1	1	34	14	3	158.6666667	5.413713052	159	1	0	0	0	3	0	0	0	1	1	22	4	3	29.33333333	3.084043339	29
787	S6	D	DB	1	0	0	0	0	0	0	0	1	0	0	0	0	0	0	0	1	1	3	1	2	1.5	1.144714243	2
788	S6	C 	CA	1	1	41	11	3	150.3333333	5.317225706	150	1	0	0	0	0	0	0	0	1	1	17	3	3	17	2.571281591	17
789	S6	B	B	1	1	11	15	3	55	3.802952461	55	0	0	0	0	0	0	0	0	0	0	0	0	0	0	0	0
790	S6	C 	CB	1	1	7	15	3	35	3.27106631	35	1	1	2	1	1	2	1.25992105	2	1	1	5	2	2	5	1.709975947	5
791	S6	B	B	1	0	0	0	0	0	0	0	0	0	0	0	0	0	0	0	0	0	0	0	0	0	0	0
792	S6	D	DA 	1	1	17	46	3	260.6666667	6.387954775	261	1	1	2	3	2	3	1.44224957	3	1	0	0	0	0	0	0	0
793	S6	D	DB	1	1	5	13	3	21.66666667	2.787815536	22	0	0	0	0	0	0	0	0	0	0	0	0	0	0	0	0
794	S6	C	CA	1	1	6	18	3	36	3.301927249	36	1	0	0	0	0	0	0	0	0	0	0	0	0	0	0	0
796	S6	D	DB	1	1	15	19	3	95	4.562902635	95	1	1	7	9	3	21	2.758924176	21	1	0	0	0	0	0	0	0
797	S6	C	CA	1	1	5	13	3	21.66666667	2.787815536	22	1	0	0	0	0	0	0	0	0	0	0	0	0	0	0	0
798	S6	D	DA 	1	0	0	0	1	0	0	0	1	0	0	0	0	0	0	0	0	0	0	0	0	0	0	0
799	S6	B	B	1	1	7	8	3	18.66666667	2.652704805	19	0	0	0	0	0	0	0	0	0	0	0	0	0	0	0	0
800	S6	B	B	1	1	9	14	3	42	3.476026645	42	0	0	0	0	0	0	0	0	0	0	0	0	0	0	0	0
801	S6	D	DA 	1	1	36	13	3	156	5.383212612	156	0	0	0	0	0	0	0	0	0	0	0	0	0	0	0	0
805	S6	D	DA 	1	1	7	48	3	112	4.820284528	112	1	0	0	0	0	0	0	0	1	0	0	0	0	0	0	0
806	S6	D	DB	1	0	0	0	0	0	0	0	0	0	0	0	0	0	0	0	0	0	0	0	0	0	0	0
807	S6	A	A	1	1	9	15	3	45	3.556893304	45	1	0	0	0	0	0	0	0	1	0	0	0	0	0	0	0
808	S6	D	DB	1	1	9	19	3	57	3.848501131	57	0	0	0	0	0	0	0	0	0	0	0	0	0	0	0	0
810	S6	D	DA 	1	1	7	17	3	39.66666667	3.410425516	40	0	0	0	0	0	0	0	0	0	0	0	0	0	0	0	0
811	S7	C 	CB	1	1	3	11	3	11	2.223980091	11	0	0	0	0	0	0	0	0	0	0	0	0	0	0	0	0
812	S7	C 	CB	1	1	11	28	3	102.6666667	4.682485997	103	1	1	5	16	3	26.66666667	2.987603164	27	1	1	12	19	3	76	4.235823584	76
813	S7	D	DB	1	1	22	24	3	176	5.604078661	176	1	1	2	12	2	12	2.289428485	12	1	0	0	0	0	0	0	0
814	S7	A	A	1	1	3	20	3	20	2.714417617	20	1	0	0	0	0	0	0	0	1	0	0	0	0	0	0	0
815	S7	B	B	1	1	19	13	3	82.33333333	4.350360358	82	0	0	0	0	0	0	0	0	0	0	0	0	0	0	0	0
816	S7	A	A	1	1	9	42	3	126	5.013297935	126	1	0	0	0	0	0	0	0	1	0	0	0	0	0	0	0
817	S7	D	DB	1	1	43	23	3	329.6666667	6.908095705	330	1	0	0	0	3	0	0	0	1	1	18	6	3	36	3.301927249	36
818	S7	C 	CB	0	0	0	0	0	0	0	0	0	0	0	0	0	0	0	0	0	0	0	0	0	0	0	0
819	S7	D	DA 	1	1	42	24	3	336	6.95205329	336	1	1	8	3	1	24	2.884499141	24	1	1	13	13	2	84.5	4.388191478	85
821	S7	B	B	1	1	5	28	3	46.66666667	3.600274328	47	0	0	0	0	0	0	0	0	0	0	0	0	0	0	0	0
822	S7	D	DB	1	1	6	18	3	36	3.301927249	36	1	0	0	0	0	0	0	0	1	0	0	0	0	0	0	0
823	S7	C 	CB	1	1	24	20	3	160	5.428835233	160	1	0	0	0	0	0	0	0	1	1	11	5	3	18.33333333	2.636819964	18
825	S7	C 	CA	1	1	19	29	3	183.6666667	5.684297262	184	0	0	0	0	0	0	0	0	0	0	0	0	0	0	0	0
826	S7	D	DA 	1	1	5	10	3	16.66666667	2.554364775	17	1	0	0	0	0	0	0	0	1	0	0	0	0	0	0	0
827	S7	D	DA 	1	1	7	26	3	60.66666667	3.929313778	61	1	0	0	0	0	0	0	0	1	0	0	0	0	0	0	0
828	S7	D	DB	1	1	30	17	3	170	5.539658257	170	1	1	5	16	3	26.66666667	2.987603164	27	1	0	0	0	0	0	0	0
829	S7	C 	CA	1	1	24	5	3	40	3.419951893	40	1	1	10	2	3	6.666666667	1.882072058	7	1	1	13	4	3	17.33333333	2.587978692	17
831	S7	C 	CA	1	1	72	18	3	432	7.559526299	432	1	1	29	3	3	29	3.072316826	29	1	1	44	4	3	58.66666667	3.885651122	59
834	S7	D	DB	1	1	10	27	3	90	4.481404747	90	1	1	12	18	3	72	4.160167646	72	1	1	10	3	3	10	2.15443469	10
835	S7	B	B	0	0	0	0	0	0	0	0	0	0	0	0	0	0	0	0	0	0	0	0	0	0	0	0
836	S7	B	B	1	1	3	7	2	10.5	2.18975957	11	0	0	0	0	0	0	0	0	0	0	0	0	0	0	0	0
837	S7	D	DB	1	1	9	15	3	45	3.556893304	45	0	0	0	0	0	0	0	0	0	0	0	0	0	0	0	0
838	S7	D	DB	1	1	9	17	3	51	3.708429769	51	1	0	0	0	0	0	0	0	1	0	0	0	0	0	0	0
839	S7	C 	CB	1	1	34	20	3	226.6666667	6.097182849	227	1	1	11	3	3	11	2.223980091	11	1	1	13	2	3	8.666666667	2.054080049	9
840	S7	D	DA 	1	1	15	40	3	200	5.848035476	200	1	0	0	0	0	0	0	0	1	1	4	15	2	30	3.107232506	30
842	S7	B	B	1	1	17	22	3	124.6666667	4.9955516	125	0	0	0	0	0	0	0	0	0	0	0	0	0	0	0	0
844	S7	C 	CB	1	1	14	30	3	140	5.192494102	140	1	0	0	0	0	0	0	0	1	1	8	14	3	37.33333333	3.342198623	37
845	S7	A	A	1	1	10	34	3	113.3333333	4.839337234	113	1	0	0	0	0	0	0	0	1	0	0	0	0	0	0	0
847	S7	D	DB	1	1	9	16	3	48	3.634241186	48	1	0	0	0	0	0	0	0	1	0	0	0	0	0	0	0
851	S7	D	DB	1	1	4	13	3	17.33333333	2.587978692	17	1	0	0	0	0	0	0	0	1	1	4	3	3	4	1.587401052	4
852	S7	D	DB	1	1	9	21	3	63	3.979057208	63	1	0	0	0	0	0	0	0	1	0	0	0	0	0	0	0
854	S7	C 	CA	0	0	0	0	0	0	0	0	0	0	0	0	0	0	0	0	0	0	0	0	0	0	0	0
858	S7	C 	CB	1	1	7	38	3	88.66666667	4.459164158	89	1	0	0	0	0	0	0	0	1	1	5	3	3	5	1.709975947	5
860	S7	D	DA 	1	1	6	5	1	30	3.107232506	30	1	1	4	2	3	2.666666667	1.386722549	3	1	1	4	1	1	4	1.587401052	4
864	S7	D	DA 	1	1	12	30	3	120	4.932424149	120	1	0	0	0	0	0	0	0	1	0	0	0	0	0	0	0
865	S7	C 	CA	1	1	4	26	3	34.66666667	3.260648831	35	1	0	0	0	0	0	0	0	1	0	0	0	0	0	0	0
867	S7	B	B	1	1	19	29	3	183.6666667	5.684297262	184	0	0	0	0	0	0	0	0	0	0	0	0	0	0	0	0
868	S7	D	DA 	1	1	21	13	3	91	4.497941445	91	1	1	9	22	3	66	4.041240021	66	1	1	9	25	3	75	4.217163327	75
870	S7	D	DB	1	1	2	18	2	18	2.620741394	18	1	0	0	0	0	0	0	0	1	0	0	0	0	0	0	0
871	S7	D	DA 	1	1	67	34	3	759.3333333	9.123136126	759	1	1	7	2	3	4.666666667	1.671099312	5	1	1	11	2	3	7.333333333	1.942825561	7
875	S7	D	DA 	1	1	10	14	3	46.66666667	3.600274328	47	1	1	6	2	3	4	1.587401052	4	1	0	0	0	2	0	0	0
876	S7	C 	CB	1	1	8	12	3	32	3.174802104	32	1	0	0	0	0	0	0	0	1	0	0	0	0	0	0	0
877	S7	D	DA 	1	1	12	22	3	88	4.447960181	88	1	0	0	0	0	0	0	0	0	0	0	0	0	0	0	0
879	S7	B	B	1	1	6	43	3	86	4.414004962	86	0	0	0	0	0	0	0	0	0	0	0	0	0	0	0	0
880	S7	D	DA 	1	1	28	4	3	37.33333333	3.342198623	37	1	1	6	7	3	14	2.410142264	14	1	1	3	2	3	2	1.25992105	2
884	S7	B	B	1	1	6	28	3	56	3.825862366	56	0	0	0	0	0	0	0	0	0	0	0	0	0	0	0	0
885	S7	D	DA 	1	1	7	33	3	77	4.254320865	77	1	1	5	9	3	15	2.466212074	15	1	1	4	9	3	12	2.289428485	12
887	S7	D	DB	1	1	45	41	3	615	8.504034993	615	1	1	8	14	3	37.33333333	3.342198623	37	1	1	24	18	3	144	5.241482788	144
888	S7	D	DB	1	1	31	33	3	341	6.986368028	341	1	1	5	22	3	36.66666667	3.322184978	37	1	1	3	11	2	16.5	2.545821685	17
889	S7	D	DA 	1	1	15	13	3	65	4.020725759	65	1	1	4	2	1	8	2	8	1	1	3	7	2	10.5	2.18975957	11
891	S7	D	DA 	1	1	23	14	3	107.3333333	4.752384152	107	1	0	0	0	0	0	0	0	1	1	7	3	3	7	1.912931183	7
896	S7	A	A	1	1	8	39	3	104	4.702669375	104	1	0	0	0	0	0	0	0	1	0	0	0	0	0	0	0
897	S7	C 	CB	1	1	18	30	3	180	5.646216173	180	1	1	6	20	3	40	3.419951893	40	1	0	0	0	0	0	0	0
898	S7	C 	CA	1	1	10	11	3	36.66666667	3.322184978	37	1	0	0	0	0	0	0	0	1	0	0	0	0	0	0	0
899	S7	D	DA 	1	1	31	28	3	289.3333333	6.614029944	289	1	1	7	12	2	42	3.476026645	42	1	1	4	15	2	30	3.107232506	30
900	S7	A	A	1	0	0	0	0	0	0	0	1	0	0	0	0	0	0	0	1	0	0	0	0	0	0	0
901	S7	D	DA 	1	1	27	12	3	108	4.762203156	108	1	1	10	3	3	10	2.15443469	10	1	1	36	10	3	120	4.932424149	120
902	S7	D	DB	1	1	19	36	3	228	6.109114744	228	1	1	14	10	3	46.66666667	3.600274328	47	1	1	10	2	3	6.666666667	1.882072058	7
903	S7	C 	CB	1	1	16	27	3	144	5.241482788	144	1	1	14	9	3	42	3.476026645	42	1	0	0	0	3	0	0	0
904	S7	D	DA 	1	1	7	37	3	86.33333333	4.419700459	86	1	1	11	1	3	3.666666667	1.54202167	4	1	0	0	0	0	0	0	0
906	S7	D	DB	1	1	26	11	3	95.33333333	4.568233134	95	1	1	17	6	3	34	3.239611801	34	1	1	18	1	3	6	1.817120593	6
907	S7	C 	CB	1	1	50	28	3	466.6666667	7.756555905	467	1	1	22	8	3	58.66666667	3.885651122	59	1	1	10	4	3	13.33333333	2.371262203	13
908	S7	D	DB	1	1	8	9	2	36	3.301927249	36	0	0	0	0	0	0	0	0	0	0	0	0	0	0	0	0
909	S7	D	DA 	1	1	11	19	3	69.66666667	4.114733166	70	1	1	4	7	1	28	3.036588972	28	1	1	10	13	3	43.33333333	3.512427477	43
911	S7	D	DB	1	0	0	0	0	0	0	0	1	1	5	9	3	15	2.466212074	15	1	0	0	0	0	0	0	0
912	S7	B	B	1	1	13	9	3	39	3.391211443	39	0	0	0	0	0	0	0	0	0	0	0	0	0	0	0	0
913	S7	B	B	1	0	0	0	1	0	0	0	0	0	0	0	0	0	0	0	0	0	0	0	0	0	0	0
915	S7	D	DB	1	1	12	24	3	96	4.57885697	96	1	1	6	9	3	18	2.620741394	18	1	0	0	0	0	0	0	0
918	S7	C 	CA	1	1	31	25	3	258.3333333	6.368837224	258	1	1	22	3	3	22	2.802039331	22	1	1	16	1	3	5.333333333	1.747160929	5
919	S7	A	A	1	1	7	25	3	58.33333333	3.878277952	58	1	1	3	36	3	36	3.301927249	36	1	0	0	0	0	0	0	0
921	S7	C 	CA	1	1	7	35	3	81.66666667	4.33858666	82	1	1	5	29	3	48.33333333	3.642634382	48	1	1	5	7	3	11.66666667	2.268030706	12
925	S7	D	DB	1	1	3	9	3	9	2.080083823	9	0	0	0	0	0	0	0	0	0	0	0	0	0	0	0	0
926	S7	B	B	1	1	9	27	3	81	4.326748711	81	0	0	0	0	0	0	0	0	0	0	0	0	0	0	0	0
927	S7	A	A	1	0	0	0	0	0	0	0	1	0	0	0	0	0	0	0	1	0	0	0	0	0	0	0
928	S7	A	A	1	0	0	0	0	0	0	0	1	0	0	0	0	0	0	0	1	0	0	0	0	0	0	0
929	S7	D	DA 	1	1	1	2	1	2	1.25992105	2	1	0	0	0	0	0	0	0	1	0	0	0	0	0	0	0
930	S7	D	DB	1	1	4	28	3	37.33333333	3.342198623	37	1	0	0	0	0	0	0	0	1	0	0	0	0	0	0	0
931	S7	C 	CA	1	1	67	15	3	335	6.945149558	335	1	1	53	1	3	17.66666667	2.604463078	18	1	1	73	18	3	438	7.594363318	438
932	S7	D	DA 	1	1	35	21	3	245	6.257324746	245	1	1	27	3	3	27	3	27	1	1	21	6	3	42	3.476026645	42
934	S7	D	DA 	1	1	45	21	3	315	6.804092116	315	1	1	13	14	3	60.66666667	3.929313778	61	1	0	0	0	3	0	0	0
935	S7	D	DB	1	1	24	23	3	184	5.68773396	184	1	0	0	0	0	0	0	0	0	0	0	0	0	0	0	0
936	S7	D	DB	1	1	11	21	3	77	4.254320865	77	0	0	0	0	0	0	0	0	0	0	0	0	0	0	0	0
937	S7	C	CA	1	1	7	26	3	60.66666667	3.929313778	61	1	1	6	4	3	8	2	8	1	1	5	7	3	11.66666667	2.268030706	12
941	S7	B	B	1	1	26	27	3	234	6.162240148	234	0	0	0	0	0	0	0	0	0	0	0	0	0	0	0	0
942	S7	D	DB	1	1	9	35	3	105	4.71769398	105	1	0	0	0	0	0	0	0	1	1	4	12	3	16	2.5198421	16
943	S7	B	B	1	0	0	0	0	0	0	0	0	0	0	0	0	0	0	0	0	0	0	0	0	0	0	0
945	S7	B	B	1	1	3	27	3	27	3	27	0	0	0	0	0	0	0	0	0	0	0	0	0	0	0	0
946	S8	D	DB	0	0	0	0	0	0	0	0	0	0	0	0	0	0	0	0	0	0	0	0	0	0	0	0
952	S8	A	A	1	1	8	43	3	114.6666667	4.858241088	115	1	0	0	0	0	0	0	0	1	0	0	0	0	0	0	0
953	S8	D	DA 	1	1	13	15	3	65	4.020725759	65	1	1	8	18	3	48	3.634241186	48	1	1	10	4	3	13.33333333	2.371262203	13
954	S8	C 	CB	1	1	16	22	3	117.3333333	4.895613641	117	1	1	4	16	3	21.33333333	2.773445097	21	1	1	3	16	2	24	2.884499141	24
955	S8	A	A	1	1	22	37	3	271.3333333	6.473925788	271	1	0	0	0	0	0	0	0	1	0	0	0	0	0	0	0
956	S8	A	A	1	1	13	38	3	164.6666667	5.48111059	165	1	1	11	4	3	14.66666667	2.447806821	15	1	1	6	53	3	106	4.732623491	106
957	S8	B	B	1	1	10	28	3	93.33333333	4.536061411	93	0	0	0	0	0	0	0	0	0	0	0	0	0	0	0	0
958	S8	D	DB	1	1	4	7	2	14	2.410142264	14	0	0	0	0	0	0	0	0	0	0	0	0	0	0	0	0
959	S8	B	B	1	1	3	19	3	19	2.668401649	19	0	0	0	0	0	0	0	0	0	0	0	0	0	0	0	0
960	S8	C 	CB	1	1	5	41	3	68.33333333	4.088313605	68	0	0	0	0	0	0	0	0	0	0	0	0	0	0	0	0
961	S8	D	DA 	1	1	36	21	3	252	6.316359598	252	1	1	11	24	3	88	4.447960181	88	1	1	9	9	3	27	3	27
962	S8	D	DB	1	1	9	24	3	72	4.160167646	72	1	1	6	9	2	27	3	27	1	1	10	8	2	40	3.419951893	40
964	S8	C 	CA	1	1	9	28	3	84	4.37951914	84	1	1	4	18	3	24	2.884499141	24	1	1	4	13	3	17.33333333	2.587978692	17
965	S8	D	DB	1	1	6	17	3	34	3.239611801	34	1	1	3	2	2	3	1.44224957	3	1	0	0	0	1	0	0	0
966	S8	C 	CB	1	1	14	42	3	196	5.808785734	196	1	1	6	11	3	22	2.802039331	22	1	1	5	2	3	3.333333333	1.493801582	3
968	S8	C 	CA	1	1	1	7	1	7	1.912931183	7	1	0	0	0	0	0	0	0	1	1	2	3	1	6	1.817120593	6
969	S8	D	DA 	1	1	7	40	3	93.33333333	4.536061411	93	1	1	5	26	3	43.33333333	3.512427477	43	1	1	7	12	3	28	3.036588972	28
970	S8	C 	CA	1	1	44	30	3	440	7.605904922	440	1	1	12	29	3	116	4.876998961	116	1	1	23	51	3	391	7.312382812	391
971	S8	D	DB	1	1	29	15	3	145	5.253587872	145	1	1	8	4	3	10.66666667	2.201284833	11	1	1	20	4	3	26.66666667	2.987603164	27
972	S8	D	DA 	1	1	35	23	3	268.3333333	6.449977632	268	1	1	7	16	3	37.33333333	3.342198623	37	1	1	7	7	3	16.33333333	2.53722087	16
973	S8	D	DB	1	1	28	8	3	74.66666667	4.210906399	75	0	0	0	0	0	0	0	0	0	0	0	0	0	0	0	0
974	S8	D	DA 	1	1	14	14	3	65.33333333	4.027587079	65	1	0	0	0	0	0	0	0	1	1	7	8	3	18.66666667	2.652704805	19
975	S8	D	DA 	1	1	6	25	3	50	3.684031499	50	1	0	0	0	0	0	0	0	0	0	0	0	0	0	0	0
976	S8	B	B	1	1	11	18	3	66	4.041240021	66	0	0	0	0	0	0	0	0	0	0	0	0	0	0	0	0
977	S8	C 	CA	1	1	48	23	3	368	7.166095742	368	1	1	22	7	3	51.33333333	3.716491598	51	1	1	29	2	3	19.33333333	2.68391596	19
979	S8	D	DB	1	1	26	11	3	95.33333333	4.568233134	95	1	0	0	0	3	0	0	0	1	1	13	1	3	4.333333333	1.630324415	4
980	S8	B	B	1	1	11	17	3	62.33333333	3.964971932	62	0	0	0	0	0	0	0	0	0	0	0	0	0	0	0	0
981	S8	D	DB	1	1	10	24	3	80	4.30886938	80	1	0	0	0	0	0	0	0	1	0	0	0	0	0	0	0
982	S8	D	DB	1	1	7	30	3	70	4.1212853	70	1	0	0	0	0	0	0	0	1	1	4	14	3	18.66666667	2.652704805	19
983	S8	A	A	1	1	5	38	3	63.33333333	3.986062605	63	1	0	0	0	0	0	0	0	1	1	6	15	3	30	3.107232506	30
984	S8	D	DA 	1	1	26	27	3	234	6.162240148	234	0	0	0	0	0	0	0	0	0	0	0	0	0	0	0	0
985	S8	D	DA 	1	1	34	25	3	283.3333333	6.567991121	283	1	1	7	6	3	14	2.410142264	14	1	1	31	4	3	41.33333333	3.457536792	41
986	S8	C 	CB	1	1	5	11	3	18.33333333	2.636819964	18	1	1	3	4	3	4	1.587401052	4	1	0	0	0	3	0	0	0
988	S8	C	CA	1	1	20	18	3	120	4.932424149	120	0	0	0	0	0	0	0	0	0	0	0	0	0	0	0	0
989	S8	D	DB	1	0	0	0	0	0	0	0	0	0	0	0	0	0	0	0	0	0	0	0	0	0	0	0
990	S8	D	DA 	1	1	8	14	3	37.33333333	3.342198623	37	0	0	0	0	0	0	0	0	0	0	0	0	0	0	0	0
992	S8	D	DB	1	1	12	16	3	64	4	64	1	1	1	9	1	9	2.080083823	9	1	1	5	8	1	40	3.419951893	40
993	S8	D	DB	1	1	29	13	3	125.6666667	5.008873134	126	1	1	16	8	3	42.66666667	3.494321859	43	1	0	0	0	3	0	0	0
994	S8	D	DB	1	1	3	14	3	14	2.410142264	14	0	0	0	0	0	0	0	0	0	0	0	0	0	0	0	0
995	S8	D	DA 	1	1	13	24	3	104	4.702669375	104	1	0	0	0	0	0	0	0	1	1	6	13	3	26	2.962496068	26
996	S8	D	DA 	1	1	19	19	3	120.3333333	4.936986985	120	1	1	2	1	2	1	1	1	1	1	12	4	3	16	2.5198421	16
997	S8	A	A	1	1	9	31	3	93	4.530654896	93	1	0	0	0	0	0	0	0	1	1	5	12	3	20	2.714417617	20
998	S8	C 	CA	1	1	25	20	3	166.6666667	5.503212082	167	1	1	11	9	3	33	3.20753433	33	1	1	9	1	3	3	1.44224957	3
999	S8	D	DA 	1	1	16	23	3	122.6666667	4.968693276	123	1	1	2	1	2	1	1	1	1	1	6	1	3	2	1.25992105	2
1001	S8	C 	CB	1	1	15	22	3	110	4.791419857	110	1	0	0	0	0	0	0	0	1	1	18	5	3	30	3.107232506	30
1002	S8	D	DA 	1	1	18	9	3	54	3.77976315	54	0	0	0	0	0	0	0	0	0	0	0	0	0	0	0	0
1003	S8	D	DB	1	1	12	42	3	168	5.517848353	168	1	1	5	6	3	10	2.15443469	10	1	1	18	9	3	54	3.77976315	54
1004	S8	B	B	1	1	12	28	3	112	4.820284528	112	0	0	0	0	0	0	0	0	0	0	0	0	0	0	0	0
1006	S8	D	DB	0	0	0	0	0	0	0	0	0	0	0	0	0	0	0	0	0	0	0	0	0	0	0	0
1009	S8	A	A	1	1	12	25	3	100	4.641588834	100	1	0	0	0	0	0	0	0	1	1	4	8	3	10.66666667	2.201284833	11
1010	S8	D	DA 	1	1	14	17	3	79.33333333	4.296866896	79	1	0	0	0	1	0	0	0	1	1	8	16	3	42.66666667	3.494321859	43
1011	S8	B	B	1	1	6	9	3	18	2.620741394	18	0	0	0	0	0	0	0	0	0	0	0	0	0	0	0	0
1012	S8	A	A	1	1	4	50	3	66.66666667	4.05480133	67	1	0	0	0	0	0	0	0	1	0	0	0	0	0	0	0
1013	S8	A	A	1	0	0	0	0	0	0	0	0	0	0	0	0	0	0	0	0	0	0	0	0	0	0	0
1014	S8	B	B	1	1	5	18	3	30	3.107232506	30	0	0	0	0	0	0	0	0	0	0	0	0	0	0	0	0
1015	S8	D	DA 	1	1	30	29	3	290	6.619105948	290	0	0	0	0	0	0	0	0	0	0	0	0	0	0	0	0
1016	S8	D	DA 	1	1	31	11	3	113.6666667	4.844077039	114	1	1	4	3	3	4	1.587401052	4	1	1	18	2	3	12	2.289428485	12
1020	S8	D	DB	1	1	1	5	1	5	1.709975947	5	0	0	0	0	0	0	0	0	0	0	0	0	0	0	0	0
1022	S8	D	DA 	1	1	7	3	3	7	1.912931183	7	1	0	0	0	0	0	0	0	1	0	0	0	0	0	0	0
1023	S8	B	B	1	1	1	10	1	10	2.15443469	10	0	0	0	0	0	0	0	0	0	0	0	0	0	0	0	0
1024	S8	B	B	1	1	4	20	3	26.66666667	2.987603164	27	0	0	0	0	0	0	0	0	0	0	0	0	0	0	0	0
1025	S8	A	A	1	0	0	0	0	0	0	0	0	0	0	0	0	0	0	0	0	0	0	0	0	0	0	0
1026	S8	D	DA 	1	1	9	10	3	30	3.107232506	30	1	1	4	18	3	24	2.884499141	24	1	1	2	11	2	11	2.223980091	11
1028	S8	B	B	1	1	25	27	3	225	6.082201996	225	0	0	0	0	0	0	0	0	0	0	0	0	0	0	0	0
1031	S8	A	A	1	1	2	8	2	8	2	8	1	0	0	0	0	0	0	0	1	0	0	0	0	0	0	0
1032	S8	C 	CB	1	1	18	34	3	204	5.886765317	204	1	0	0	0	0	0	0	0	1	1	16	4	3	21.33333333	2.773445097	21
1035	S8	D	DA 	1	1	13	16	3	69.33333333	4.108160098	69	0	0	0	0	0	0	0	0	0	0	0	0	0	0	0	0
1036	S8	D	DB	1	1	20	27	3	180	5.646216173	180	1	0	0	0	3	0	0	0	1	1	11	7	3	25.66666667	2.949781337	26
1037	S8	C 	CB	1	1	19	9	3	57	3.848501131	57	1	0	0	0	0	0	0	0	1	1	17	24	3	136	5.142563181	136
1039	S8	B	B	1	1	3	12	1	36	3.301927249	36	0	0	0	0	0	0	0	0	0	0	0	0	0	0	0	0
1041	S8	D	DB	1	1	10	21	3	70	4.1212853	70	1	1	3	7	3	7	1.912931183	7	1	1	3	10	2	15	2.466212074	15
1044	S8	D	DB	1	1	14	31	3	144.6666667	5.249559046	145	1	1	4	27	3	36	3.301927249	36	1	0	0	0	1	0	0	0
1048	S8	B	B	1	1	11	20	3	73.33333333	4.185690785	73	0	0	0	0	0	0	0	0	0	0	0	0	0	0	0	0
1049	S8	D	DA 	1	1	13	43	3	186.3333333	5.711675395	186	1	1	3	20	3	20	2.714417617	20	1	1	2	7	1	14	2.410142264	14
1050	S8	A	A	1	0	0	0	0	0	0	0	1	0	0	0	0	0	0	0	1	0	0	0	0	0	0	0
1053	S8	D	DB	1	1	8	31	3	82.66666667	4.356223385	83	1	0	0	0	0	0	0	0	1	0	0	0	0	0	0	0
1054	S8	C 	CB	1	1	18	23	3	138	5.167649252	138	1	1	8	2	3	5.333333333	1.747160929	5	1	1	7	5	3	11.66666667	2.268030706	12
1056	S8	D	DB	1	1	8	19	3	50.66666667	3.700332735	51	1	0	0	0	0	0	0	0	1	0	0	0	0	0	0	0
1057	S8	C 	CA	1	1	9	28	3	84	4.37951914	84	1	1	6	9	3	18	2.620741394	18	1	1	7	7	3	16.33333333	2.53722087	16
1058	S8	D	DB	1	1	17	37	3	209.6666667	5.940775355	210	1	0	0	0	0	0	0	0	1	1	6	1	3	2	1.25992105	2
1060	S8	D	DB	1	1	12	35	3	140	5.192494102	140	1	1	3	7	1	21	2.758924176	21	1	1	8	14	3	37.33333333	3.342198623	37
1061	S8	D	DA 	1	1	29	28	3	270.6666667	6.46861929	271	1	1	4	8	3	10.66666667	2.201284833	11	1	1	16	1	3	5.333333333	1.747160929	5
1062	S8	D	DA 	1	1	7	24	3	56	3.825862366	56	1	0	0	0	0	0	0	0	1	0	0	0	3	0	0	0
1063	S8	C 	CA	1	1	41	26	3	355.3333333	7.082914239	355	1	0	0	0	0	0	0	0	0	0	0	0	0	0	0	0
1064	S8	C 	CB	1	1	12	25	3	100	4.641588834	100	0	0	0	0	0	0	0	0	0	0	0	0	0	0	0	0
1065	S8	D	DA 	1	1	7	20	3	46.66666667	3.600274328	47	0	0	0	0	0	0	0	0	0	0	0	0	0	0	0	0
1066	S8	B	B	1	1	2	11	1	22	2.802039331	22	0	0	0	0	0	0	0	0	0	0	0	0	0	0	0	0
1067	S8	D	DA 	1	1	25	16	3	133.3333333	5.108729549	133	1	0	0	0	1	0	0	0	1	1	10	8	3	26.66666667	2.987603164	27
1068	S8	D	DB	1	1	9	20	3	60	3.914867641	60	1	0	0	0	0	0	0	0	1	0	0	0	0	0	0	0
1069	S8	D	DB	1	1	2	13	3	8.666666667	2.054080049	9	1	0	0	0	0	0	0	0	1	1	1	2	1	2	1.25992105	2
1070	S8	D	DB	1	1	3	23	2	34.5	3.255415036	35	1	0	0	0	0	0	0	0	1	0	0	0	0	0	0	0
1072	S8	C 	CA	1	1	14	21	3	98	4.610436292	98	1	1	8	8	3	21.33333333	2.773445097	21	1	1	7	16	3	37.33333333	3.342198623	37
1073	S8	B	B	0	0	0	0	0	0	0	0	0	0	0	0	0	0	0	0	0	0	0	0	0	0	0	0
1075	S8	C 	CB	1	1	11	31	3	113.6666667	4.844077039	114	1	1	4	10	3	13.33333333	2.371262203	13	1	1	5	22	3	36.66666667	3.322184978	37
1078	S8	D	DB	1	1	19	20	3	126.6666667	5.022124182	127	0	0	0	0	0	0	0	0	0	0	0	0	0	0	0	0
1079	S8	C 	CB	1	1	6	33	3	66	4.041240021	66	1	0	0	0	0	0	0	0	1	0	0	0	0	0	0	0
1080	S8	D	DB	1	1	10	23	3	76.66666667	4.248172994	77	0	0	0	0	0	0	0	0	0	0	0	0	0	0	0	0
